0	3.0945
8077	1.7989
2093	3.0595
6133	2.9873
7524	2.0180
6178	4.8780
4088	3.0595
2	2.9453
8134	3.1284
3	2.4176
7133	2.2542
2094	2.0078
6102	2.7726
2081	1.7309
4	2.5419
5	2.4013
4089	3.0945
1408	3.2750
4090	3.2750
4091	3.0595
6	2.2431
5754	2.3585
2095	3.5674
7988	2.7094
7	1.9388
38	3.6507
8	2.5495
4092	2.8295
6966	4.4502
4122	2.9075
4781	2.3663
46	2.0180
6137	2.9770
1740	2.3585
2096	2.7229
10	1.8756
4094	2.3906
6242	2.5419
4095	4.0880
2097	1.9531
2098	3.1293
11	1.9531
6808	4.4782
12	2.3585
2099	3.5743
6142	3.8636
5463	2.5819
7423	2.7221
7443	2.4756
2100	2.8295
66	4.0061
4159	2.6511
2101	1.8067
7224	3.0948
13	4.4782
14	2.2955
15	2.2644
6146	2.7125
5464	2.8716
17	2.3511
4100	2.4456
18	2.0180
19	2.6485
1409	2.4352
3498	3.4429
4174	3.3376
20	1.7989
7825	1.8900
7135	2.2955
3027	2.0180
22	3.0898
2105	3.3129
4103	1.7473
3414	2.5308
96	3.4293
2106	1.7687
3004	4.1224
2107	2.4013
8154	3.5674
5804	2.1785
102	2.1343
5465	3.7170
6152	2.0180
2108	2.7112
2109	3.1705
6644	2.1392
2110	2.0086
4105	3.0639
4106	2.9062
5119	1.7825
4213	2.5398
122	3.0595
4217	1.5480
6155	2.5742
2111	2.0180
6157	3.2329
4107	2.1343
7136	2.1986
6451	2.1782
25	2.0180
6134	3.0595
6775	2.8295
1780	2.1343
4230	3.3796
26	2.0180
5943	3.1284
27	3.2750
4109	2.5334
28	3.2422
6161	2.0180
5394	2.5419
2112	2.7229
7137	3.4293
29	2.8432
4110	2.3040
30	2.3177
31	3.0945
1271	2.0180
4111	2.6540
2114	3.5628
2115	3.0595
2116	3.7879
4112	3.0595
33	2.2486
6167	2.5398
3733	1.8905
2118	3.2750
6169	2.0180
2119	3.4293
6171	2.5398
2120	3.4684
5491	2.7229
2121	2.0180
4114	2.9423
4116	2.0297
2122	2.0803
4117	1.8590
7831	2.2955
36	4.5415
4118	2.1279
4278	3.0098
3098	3.2750
4119	3.2329
6175	4.0348
37	4.3365
1755	2.0946
841	2.0962
2124	2.7726
6177	4.1224
39	2.0180
4302	1.8069
4120	4.8156
4305	2.1421
40	3.6056
2125	2.4648
7138	2.0180
41	3.8484
2126	2.1279
3260	2.8811
677	1.1466
6180	1.7093
2128	3.4293
224	3.4658
7834	2.0180
6181	2.6890
2129	2.7094
6183	1.8069
7221	2.0878
6184	2.7229
6185	2.3511
6186	2.6540
2130	3.3094
6187	3.0595
43	4.3365
5695	3.3949
2131	1.8069
2132	2.4013
44	3.6252
6426	2.0180
245	2.7726
4125	2.7498
45	3.2329
4126	2.1436
2134	3.2750
2135	2.5222
2644	2.0180
2136	2.2955
2137	2.3040
47	2.3585
255	1.6126
6191	2.0946
7894	2.5368
4128	2.2498
4129	3.8636
6192	2.7112
4130	4.6957
4131	1.9959
270	2.6540
2138	4.0061
2139	2.6893
6193	2.8811
2470	2.1138
2140	2.1618
7671	2.8811
6194	3.6507
4389	3.1284
6195	2.2955
4393	1.8466
6138	4.0061
4132	2.8295
50	2.3827
4134	2.2955
302	4.0727
1331	3.4465
6196	3.9310
313	1.6126
51	2.9873
6199	3.0919
2143	2.8631
309	3.0595
4138	3.0442
7553	1.7949
4139	3.0595
4140	2.4352
6200	3.6507
6143	2.8811
316	2.8697
3109	2.4013
6851	2.7726
6201	3.0862
2144	3.1284
6220	2.4773
53	2.0180
3519	2.3585
2145	2.4016
6457	1.9648
2146	3.8484
2147	2.7112
4142	1.8639
4455	2.0163
349	2.6580
4143	3.1916
2149	3.0595
4144	4.5415
54	2.1782
6141	4.8156
55	1.7949
7538	4.4782
57	4.1224
2151	4.0447
58	2.4013
7839	2.3057
59	3.9013
2152	2.3500
375	4.0348
4474	3.2750
6208	2.3585
7665	2.9362
60	2.0297
3201	3.0595
2154	2.6540
4147	2.4013
388	3.0595
6671	3.4123
61	3.5177
4149	2.7112
2155	4.0348
8006	3.2329
4150	3.7608
4151	1.7949
2156	4.1224
401	2.5398
2157	2.8275
64	3.7879
7273	3.5674
7472	1.8658
6233	3.1284
65	2.3166
6938	3.4658
4535	2.4013
4152	3.3949
6315	2.3511
2158	3.0945
2159	1.4013
6213	2.7650
2160	3.8484
5581	3.1688
436	3.2750
1422	2.6472
6215	2.7221
2161	3.7879
4156	2.4786
441	3.0595
4158	2.8780
5816	2.7229
2162	2.3966
6144	2.8295
67	2.4456
4160	2.2407
3079	3.2750
4161	1.9932
4162	2.3232
458	2.4016
6216	3.0595
1610	2.7229
69	3.1185
464	3.6507
4164	1.7082
70	1.8420
2440	2.1343
3267	1.3900
71	4.0348
2165	2.3892
6217	1.9892
6218	3.1705
7464	2.3585
6219	2.3595
2167	2.7094
4167	3.2453
7038	2.3585
2168	2.3856
72	2.8811
992	3.1284
6148	3.5971
2169	2.5000
6222	3.4952
6223	3.0238
332	2.0527
73	3.0595
6224	2.0180
2170	3.2750
4170	2.2955
75	2.7094
2171	3.2061
687	1.5837
77	2.9473
2172	4.5415
2174	2.0180
78	2.4016
4171	2.6540
6359	3.0945
4214	3.2750
533	3.1284
534	3.0595
4446	2.5368
4173	2.3663
79	2.8697
543	2.7229
80	3.1619
1420	2.4217
7647	2.4456
6227	1.6126
3081	3.4429
5993	2.0180
556	2.2044
7843	2.0180
4176	2.6245
2176	2.0163
7762	3.1552
7528	3.6507
5617	2.9576
2178	2.6584
4178	2.0180
2179	2.7229
82	1.7434
6230	3.3516
4524	3.3949
2180	2.1762
4180	2.0180
4703	2.4352
6234	2.9423
83	2.9362
7476	3.2750
2182	3.2329
84	4.5415
757	1.9386
6235	3.6507
2183	4.3286
600	2.7650
85	4.0061
7172	3.0948
4181	2.5213
86	3.3129
87	2.8742
4182	3.0595
610	3.8636
6236	3.0595
88	2.4016
2185	2.3555
2186	1.8376
617	2.4456
690	2.3057
89	2.2123
2187	3.4026
4184	4.4782
7848	3.3949
628	2.0180
5475	2.0180
4795	3.2300
4187	3.0945
90	4.5415
91	2.0719
635	1.8357
7151	2.4013
92	1.9177
2188	1.7524
4188	1.6654
4753	2.2955
2189	2.5398
2190	3.1705
4448	3.2329
4189	2.2955
650	2.7971
7849	1.7082
2191	3.0595
4191	3.6507
2192	2.4773
94	2.1880
2193	2.7642
4193	3.1284
2078	2.0723
6467	3.6825
4767	3.8636
6241	1.6108
6730	2.1364
4774	3.0595
97	1.7835
98	3.2750
1423	1.1187
2194	4.3365
751	3.1705
2195	2.4013
6243	3.8003
7850	1.8069
679	2.7726
100	2.5839
6245	2.2006
2196	2.7726
6149	2.0787
6246	2.8811
101	2.5553
695	2.3057
103	3.0595
104	2.0795
105	2.5419
4198	2.6580
4199	2.4013
6251	3.2750
4806	1.8069
3087	3.7851
4810	3.1284
4200	2.3057
3621	3.0595
107	2.3575
694	2.3996
3088	2.9576
2200	2.0180
722	1.5057
2201	3.2484
4818	3.2329
6254	2.7229
2202	2.4016
5902	2.7333
4824	2.3301
109	2.8295
6255	3.1705
110	1.5293
111	2.0180
744	2.7094
4204	2.2955
4205	3.0595
6256	2.2955
112	2.7017
7852	1.8069
4855	3.7879
113	1.8985
4208	3.0788
4209	2.2631
2204	2.3827
2205	2.9894
6154	2.0180
6259	3.2750
4210	4.0880
115	1.7931
116	4.0880
117	3.5971
4211	4.0880
2206	4.3286
4212	4.1224
1664	2.6124
5709	2.8811
119	2.2955
7156	3.0595
4215	3.5674
2207	2.0832
120	2.7094
7348	3.0945
121	3.0442
7099	2.4352
6260	2.4773
4892	3.6931
4216	4.4101
123	3.1688
6261	3.6294
124	3.4582
2208	2.2955
2209	2.4235
127	2.8408
2210	2.8408
128	2.9052
817	4.0348
129	3.7794
7612	2.5956
130	2.0180
6262	3.1387
8079	2.9075
2211	2.6893
4919	2.2644
4218	4.2902
8027	3.0945
2212	2.6580
7484	2.2224
4576	2.7229
1114	3.8484
840	2.0180
5826	2.4241
4220	2.6540
7485	3.0098
4221	2.1343
131	2.5687
7157	4.0348
6266	3.0595
3770	3.4160
4223	3.9186
2213	3.4582
132	2.7112
4943	2.0180
5481	2.0180
134	2.3498
6158	2.0180
2214	3.0595
2215	1.9362
4224	2.8811
135	3.8868
345	1.5070
136	4.0061
6493	3.3417
6267	2.4756
4225	2.2213
2217	3.3949
2218	3.7570
3152	3.8636
138	3.0519
4226	3.0945
2220	2.7112
6271	2.0163
2221	2.1785
139	2.2955
6272	3.0442
140	2.4235
141	2.5836
142	2.3175
143	2.4352
4801	2.2121
2223	2.3187
144	2.4013
4229	2.9053
5828	2.2955
4231	2.4013
145	1.8335
6275	3.7879
4232	3.4429
923	3.0595
4233	2.4013
7702	2.2955
146	2.4352
7486	4.3365
147	2.1802
4235	2.9121
3440	4.1224
4236	3.6433
149	3.0595
2225	3.2061
3030	3.0595
5021	1.9192
930	2.6540
2226	2.7726
6277	2.7821
6278	3.3417
7782	3.4658
8047	2.8713
4240	3.3949
4241	3.2453
6162	2.1777
5029	3.0595
8065	3.6696
5486	3.0217
4242	2.2955
2228	2.6124
5487	1.6023
151	2.5553
4342	3.0595
4244	2.4985
967	4.5415
152	3.0595
153	2.7112
5005	1.6126
4246	3.9798
4247	3.8484
154	2.3585
6880	3.3129
4248	3.1284
6282	3.2329
155	3.0442
156	3.7879
2231	2.3187
3097	3.2788
157	2.0896
7794	3.7570
158	1.6023
2760	2.7229
4083	3.3516
2234	3.2329
6287	3.0595
2451	3.3129
159	2.7650
2235	2.4352
6289	2.0297
2236	3.5002
2479	2.2955
361	1.9246
160	2.6124
2237	4.0348
4250	3.6507
162	2.6124
1024	2.5419
163	3.0945
1029	3.1284
2238	2.4013
2239	2.2955
2240	3.0639
2241	2.2542
4664	4.0061
164	2.5487
5775	4.8156
165	2.0180
4251	2.6198
2242	2.7650
4252	1.9959
166	1.9791
6294	3.0595
7020	3.4470
5129	2.6754
6296	2.9052
167	2.2004
2244	2.4352
6297	3.8256
5137	1.8069
1187	2.3511
4253	1.6283
1068	3.0948
6145	2.2955
6299	2.7726
2245	2.3585
2117	2.1343
169	3.2329
6168	2.4013
7447	2.4456
2247	3.2418
6473	2.6124
6301	3.6433
6961	2.6124
4113	2.5398
6303	2.2955
6304	1.8563
5155	1.6654
6306	1.9609
4254	2.6198
4255	3.1284
171	4.3250
5169	2.2955
6307	2.6124
172	2.0633
173	2.0723
174	1.4935
2249	2.0180
2250	3.0595
1129	2.6511
2251	3.0595
175	2.0180
2252	3.8216
4258	3.1916
4259	3.7879
6308	2.2123
380	3.2329
4261	2.7229
2253	2.9052
1144	2.7229
6310	2.3511
6990	2.8713
6279	2.9453
6311	2.9362
4262	3.4429
5492	2.0221
7859	2.7112
3139	2.1432
177	2.4599
2254	2.2955
178	3.7879
6172	1.9531
2255	2.1811
4263	2.0221
179	1.6961
2256	2.3057
6316	2.4754
4264	3.0238
4265	2.0619
4266	3.6507
6317	2.9423
5921	2.5398
4267	3.1284
180	3.1705
4347	2.4886
5227	2.0180
4269	4.0880
2767	2.9894
4270	2.7942
2258	3.3824
181	1.9025
182	3.1705
183	2.3215
4272	3.2061
5237	2.6580
4274	2.5000
184	3.6507
6324	1.8639
6325	2.3585
185	2.8295
5246	3.4952
7605	3.0595
4275	2.3585
186	3.5430
4276	3.5674
2261	2.7094
7492	2.0180
2262	1.9531
7906	1.9590
187	3.0238
6174	2.6890
2263	3.0442
6327	2.5266
2264	2.8742
4463	2.0180
4279	3.0442
4280	3.0945
4281	2.2955
189	1.9959
190	3.6433
191	2.3299
192	1.9959
4283	2.8811
704	2.9971
1234	3.6507
2420	4.0880
356	2.4865
6044	3.5674
2267	3.0595
2268	2.8965
6331	2.4756
1255	1.9959
194	1.8111
6332	2.4013
2270	2.6198
195	2.3663
5310	2.9576
4284	2.6064
6334	2.7739
4285	2.4254
4286	2.5819
196	1.8908
4287	2.9075
4288	2.0180
197	2.3966
5494	2.8068
4289	1.9548
7560	2.9742
5323	3.5098
1286	2.0163
2557	2.7017
7970	3.0595
2273	2.0708
2274	4.1224
4290	3.2329
199	3.2300
4291	3.7879
2275	3.0639
2123	3.6355
200	2.3663
6338	2.6124
4437	2.8742
2276	3.2750
2277	2.0180
4293	2.4352
4294	4.3365
201	2.7221
6339	2.5368
5348	3.8551
1137	2.3511
1310	1.9456
4297	2.4773
2280	2.7726
4298	2.1811
6340	4.5415
5358	3.4429
2281	2.9362
6342	2.2955
6343	2.6124
6481	3.2990
4299	2.2121
2284	2.4688
6054	2.3747
2285	2.8742
202	2.0180
5836	1.6235
6179	2.6733
6793	2.5308
203	2.3323
5380	2.0180
6345	2.8363
1343	3.1284
6165	2.0946
2288	1.8066
4303	2.8742
4304	2.6733
2291	3.6294
4121	2.5000
360	3.6433
5391	3.1284
6346	2.2431
2294	4.0061
2295	2.9423
2219	2.0180
863	3.0595
4306	3.1325
5407	2.0180
6484	2.0180
206	2.4352
7284	2.3057
4308	3.0595
6347	2.3878
207	1.9002
4309	2.2942
4310	2.0442
208	2.3511
209	3.0595
210	2.3827
211	3.8636
2299	2.2955
1381	3.0595
213	2.7094
2300	4.3365
5435	3.6507
6349	3.0595
3451	2.0180
2301	3.1705
214	2.0221
4313	2.0946
5496	2.4456
3894	2.0180
2302	2.0189
4314	2.5398
4315	2.1880
215	2.4688
4316	4.2538
216	3.8636
6353	3.2329
4350	1.8230
2303	2.8520
5839	2.3827
1080	3.3129
6354	3.7471
2305	2.4786
7171	2.4756
2306	2.7942
2307	2.6245
6355	1.9192
6356	4.5415
217	2.2121
2308	2.0946
218	3.0945
6357	3.7570
1424	2.6580
219	2.5819
3106	3.0595
7855	2.0962
1433	2.7094
7173	2.8811
2311	3.0595
8155	1.7833
2312	2.1880
7496	2.3585
4320	2.7094
220	2.3663
221	2.2121
222	1.6023
2313	2.5643
4321	2.5398
4322	2.0180
2314	4.5415
4323	3.0595
2315	3.0945
6378	2.6893
2316	3.1619
6360	2.8811
225	3.3129
2317	2.8363
226	2.4533
2318	2.0708
4324	2.8811
4325	3.5743
2319	2.7270
4326	1.8887
227	3.0945
2320	3.3949
2321	2.0180
6204	2.7094
2322	4.5279
228	3.8636
5539	2.5521
2323	2.0180
5541	2.3672
1486	2.6893
7072	3.2329
229	3.1284
7833	4.5415
6363	2.5368
230	3.5674
4328	2.2004
4329	2.3629
2103	2.7112
2052	1.1429
231	2.6184
2326	3.8484
1509	2.0180
232	2.5000
5569	2.0832
4330	4.0852
1518	2.6124
6364	2.4013
2328	2.7017
5841	2.9681
7499	3.2379
4332	2.7270
235	1.6171
425	3.2750
6293	2.1343
236	2.5819
4333	2.2962
2330	3.3631
237	2.0180
2331	3.0945
4334	2.5398
2332	3.0442
7255	1.9158
2333	3.2453
238	2.2955
2334	2.8742
4335	1.9456
1171	2.0180
2335	2.6198
4337	2.9075
4338	4.2605
6367	4.4782
2336	4.3728
4339	2.2506
5635	2.7094
4340	3.3949
2337	1.8900
2338	1.8069
5641	4.3365
2339	1.7082
240	3.1284
6368	2.1343
7991	2.0180
241	4.0880
242	2.9971
6838	2.0180
4341	4.4782
8051	2.7094
243	2.8295
6369	1.6235
5658	2.5398
5660	3.3516
5663	1.6654
6371	3.3129
4343	3.2888
6372	4.3365
244	2.9473
2341	2.6279
4344	2.4756
6373	2.3511
8092	2.4352
246	2.9894
6190	2.7726
2358	3.0595
6374	2.4254
6375	2.2955
247	3.0595
5686	1.6579
5687	2.5000
2342	2.8742
248	3.3417
6491	1.2473
6680	3.1284
249	2.9488
2343	2.0223
6188	3.6507
2344	2.1343
2345	1.5319
250	2.4352
2346	2.6540
2347	3.7170
2736	3.1284
2349	3.0442
7642	2.9742
251	3.6405
4349	2.9075
2350	2.0180
2351	3.0898
6380	2.3585
4351	2.4133
2352	4.5415
2353	2.2955
4353	4.2902
5725	3.5971
4586	2.0180
252	2.2955
6381	3.2750
4354	2.1782
1825	3.0595
253	2.7229
254	3.2750
2356	4.4782
2357	2.3585
4127	2.8811
6383	2.6198
2359	3.1387
5740	2.0180
48	1.3920
2360	1.6126
4356	3.0862
176	3.0595
256	2.7094
6385	0.8191
257	2.7094
4643	2.2955
2361	3.0945
258	3.1284
259	3.1619
4358	2.3443
6386	2.3534
2362	4.1224
2363	3.1284
260	2.7112
4360	2.3177
2364	4.4782
6387	3.1284
2499	3.8636
6388	2.2955
7504	3.2750
4361	4.2099
2366	2.6109
4362	2.5491
4363	2.2143
7678	2.3585
5772	3.0639
1714	3.1284
372	3.0595
1717	2.1343
2368	2.4013
2369	4.3365
2370	3.1185
2371	2.5687
262	1.6654
2372	2.2955
2373	2.7017
7505	3.0252
263	3.1284
4366	1.6654
2374	2.9873
4367	3.3417
6391	2.1364
6392	3.3249
5790	4.5415
4368	2.1119
1742	2.2333
2376	1.7689
2377	3.9921
1747	2.0180
4369	1.7245
4370	2.0180
265	4.3365
4372	4.5415
2378	2.2955
5812	3.2771
7506	1.6654
6396	2.7726
5209	2.8272
266	2.5000
2379	2.8742
1764	2.0078
2778	2.0180
639	3.5674
5822	3.1284
1770	2.1811
268	2.5000
269	2.7565
7178	2.8582
271	2.8275
6399	2.0180
1778	2.7094
2381	2.8811
7804	2.0180
272	3.2329
4375	1.9959
475	3.1284
2382	2.0180
273	2.0180
4376	2.4016
7540	2.7112
4377	2.8275
4378	2.9362
6400	2.2431
6727	2.8811
2982	2.8811
4379	3.8484
274	2.5495
2384	2.5947
2385	2.4756
275	2.2955
276	2.9576
2386	2.5368
4380	3.7879
277	1.8417
2387	2.0180
6498	2.6687
2496	2.0430
278	3.1072
279	4.1224
4383	3.1284
280	1.7952
2388	2.1343
2389	2.3307
4630	2.0180
5888	2.3057
6406	2.2955
4384	2.3585
6486	2.3587
2203	2.2533
4385	3.0595
281	2.7726
6911	2.8811
1840	2.7017
6408	2.8295
5854	2.1220
4386	2.7094
2391	2.0180
6445	3.1284
2392	3.1705
283	1.9590
5855	2.8295
2859	2.8811
2142	2.3585
284	2.0180
285	4.0880
286	2.9453
6411	2.8050
6412	3.6355
287	2.3585
288	1.8487
4390	2.3663
2394	3.0595
2395	2.6540
4391	2.7229
289	2.3663
290	2.8295
291	2.8408
7818	2.3511
5142	1.9192
6718	2.8363
6416	2.6540
2396	2.0180
6501	2.1536
6645	2.5819
4394	3.0945
6550	1.8029
4395	2.7094
293	1.8887
1873	3.4582
4397	2.5687
294	1.8756
6568	2.3585
6410	4.1224
4398	2.7229
295	3.6355
6419	2.8295
1908	3.1284
2398	2.8295
2399	2.8742
4399	3.7879
296	2.2431
5967	4.3365
297	2.7229
4400	2.2530
1915	2.0946
298	1.9892
6421	2.6540
6422	3.0595
5247	2.4352
299	3.7851
2402	2.7444
1930	4.1224
1931	2.4352
4402	2.2431
1459	2.0180
6424	1.4954
2403	1.9531
4404	2.2955
2782	2.5000
6004	2.8275
4407	2.5130
5157	1.7524
6008	2.7565
300	2.7112
6427	3.3516
301	2.1434
3438	2.6124
1958	1.8069
4408	2.3552
303	2.4599
4409	2.6733
6504	2.6124
6429	2.2955
4410	2.8295
5158	4.2605
7374	2.1764
728	2.6245
4412	3.1306
4413	4.1224
8058	2.0180
304	2.3732
2406	2.0180
305	2.8742
730	2.9576
6430	2.3585
2408	3.2329
6515	2.3187
4415	2.4910
6431	1.3366
6432	1.6369
307	2.3585
2409	2.5447
3629	4.0061
6434	1.7914
2410	2.3672
2411	2.8295
2412	1.9648
2413	2.0946
4418	3.0919
6198	2.3663
6437	3.4026
6438	2.8275
1799	4.1224
4419	3.3516
5511	2.4013
2012	2.7565
4136	3.3955
2415	2.5643
6060	2.7333
52	3.0945
2025	2.7094
6903	2.0180
342	3.0948
6441	2.0163
6212	3.7471
1800	3.0442
4420	2.9081
4421	2.3856
2417	3.0163
4422	2.1516
2418	2.8363
2419	1.7952
6542	2.4456
7947	2.3177
312	2.0180
6506	2.4688
4423	2.7642
6123	2.3511
3355	2.5819
2051	3.0442
6244	3.5743
7992	2.3443
4425	2.9075
6596	1.9590
4426	2.6124
6443	2.4999
4427	2.6187
7189	1.2901
4428	3.7879
314	4.0727
2068	4.4782
4429	2.2962
4430	2.3797
315	3.2750
1215	2.8811
317	2.8275
6507	2.5398
4431	3.7170
6115	4.0348
318	2.3595
2423	3.2453
6447	2.4013
2424	2.5521
3670	2.0180
7195	2.2634
6448	3.1284
2426	2.8811
2427	2.0163
320	2.2333
321	3.7879
322	3.5772
731	4.0025
6449	2.3585
2428	2.4254
4432	2.3057
6450	4.0880
5296	4.4502
6508	1.6654
5580	3.0595
7341	3.5759
323	2.2955
4433	2.2955
3684	3.0595
2429	2.5130
3130	3.8260
2430	2.7112
7885	2.0180
6163	3.7879
5162	2.7094
4435	2.3827
324	3.5628
1807	3.1717
2432	2.3511
4436	1.7715
325	2.3057
4438	1.5499
2434	2.6893
2435	2.0708
6453	2.7726
6996	1.9912
2949	1.6235
6454	2.1364
2436	3.2750
2437	2.2494
326	2.5819
6455	2.8295
6456	2.5398
4441	1.6901
327	2.0163
4442	2.0946
5715	4.3365
4443	2.9473
2438	3.0595
7597	3.3129
2788	2.1765
328	3.2750
329	2.7498
2439	3.4293
6459	1.7823
330	2.7221
4487	2.0889
4444	2.2955
333	3.2750
6462	3.2453
2441	3.0595
4447	2.0180
2442	3.1284
6511	1.6243
6232	3.0595
6464	3.1284
334	4.4782
4345	1.9959
6153	3.1284
335	3.2001
2443	1.9959
336	2.1785
7122	3.5674
6466	4.0880
1810	2.0163
4449	2.0180
7399	2.5469
1466	2.4998
338	3.4026
339	3.8256
340	4.0727
341	2.8811
2446	3.8104
527	3.0945
6202	1.8420
4488	2.6733
4451	3.0595
6979	2.7726
1848	2.1764
2447	3.0442
6468	1.8067
387	2.6540
343	4.2560
2448	3.2329
6469	2.5819
344	4.1224
693	2.2955
4453	3.0945
4454	3.5971
2216	3.1619
3234	3.1284
2449	2.8828
389	3.0595
6471	2.5398
348	3.3129
6203	4.1224
4490	3.6056
2148	1.6654
4491	3.0595
350	1.6654
4457	4.1224
351	1.6578
352	2.8811
6292	1.9908
7357	2.7094
4458	2.0180
2452	2.5419
5618	2.9796
1947	2.8068
2453	2.5398
353	2.2955
607	3.0595
6474	2.7960
354	2.0946
6318	3.0948
4462	3.1387
2454	2.0180
6834	2.2955
2455	3.0595
6907	2.6124
2265	3.0442
6477	2.4756
6478	1.5476
6513	2.0180
2456	3.0945
3814	2.4756
2269	2.5398
4464	4.4782
357	2.6511
6479	3.5674
358	3.1284
4465	3.3417
6480	4.6957
2457	3.1284
4494	2.2431
2458	1.2528
5172	3.3417
2293	3.3129
4467	2.5356
2298	3.1284
8010	1.5949
6485	2.3585
362	3.0898
363	1.9256
4468	1.8756
364	3.7879
2304	3.3129
6487	3.0945
7375	2.9576
6358	2.4013
2772	1.7707
2460	3.2329
2461	3.1284
7813	2.6198
366	3.0898
367	2.6124
2463	3.8484
7514	2.3663
2464	2.8275
6489	4.4782
2465	3.2329
6490	2.8811
7577	2.3585
4470	1.9772
6695	4.2902
2467	3.6507
2468	4.5279
368	3.7879
3122	3.7170
369	1.8923
370	1.9192
6869	4.1905
6492	3.1284
371	2.0708
6842	4.5415
6494	3.5674
3344	3.2888
2469	2.7762
6496	3.1705
2367	3.3417
6390	3.6507
373	4.4502
374	2.4773
2471	2.2121
4472	2.5419
4473	3.0945
2472	5.3888
6497	1.6235
2473	3.0442
6207	2.6890
6500	1.9531
4475	3.2329
2329	2.4456
2474	2.3587
4477	1.9456
1471	2.9362
4478	2.8811
6417	3.4694
2475	2.6198
6502	2.1432
7520	2.8811
4479	2.7094
4556	2.8295
6505	2.0163
4480	3.0519
379	3.6507
7127	2.5495
381	2.6893
5309	2.5495
6844	3.0595
1120	2.0180
4482	2.7112
382	1.8674
2480	2.4352
2481	2.4013
4483	3.2750
6446	2.0180
2482	2.1343
3246	3.8484
4484	2.9971
6509	4.0348
383	2.7112
6510	2.0163
2484	2.6929
2433	2.8295
4486	3.0595
7893	3.4160
384	2.8068
385	4.6957
2485	2.0180
3420	2.4254
6512	3.0238
2486	2.6064
4489	4.4101
4148	2.8811
2450	2.8811
390	2.6485
391	1.8590
4492	3.2329
2476	2.3511
6209	3.4026
2488	3.0945
2489	2.2955
392	2.9362
1896	2.9075
4835	2.7642
2490	1.7048
393	3.1284
2466	2.2121
6516	2.3585
4495	2.2917
2492	2.9473
4496	2.8239
4497	2.6890
2493	2.0180
2494	2.4352
394	2.4352
3486	2.7229
4500	3.1284
1816	1.9177
395	1.8626
396	1.6654
4501	2.1117
2497	2.2955
4503	1.3400
4504	2.2693
4505	2.7112
4506	3.0098
397	3.2329
6495	2.5308
6290	1.6654
6518	2.1777
5179	2.7229
2498	3.2329
398	4.0880
3346	2.7229
5525	3.0945
6519	2.8211
4510	2.0178
4511	4.3286
4512	1.8674
2521	3.8636
2522	3.2771
4514	2.2955
5872	4.0061
6522	3.8484
6549	4.4782
400	2.4220
63	1.4887
2500	3.5674
402	2.5000
6871	2.0180
4507	1.8466
5874	3.1284
6563	2.1785
2501	2.0480
3819	2.8275
4516	2.9958
5182	1.9497
7063	2.2955
5572	2.0708
2503	2.3663
7806	2.7229
4517	2.7726
4469	3.7170
405	3.3417
6527	2.8071
4518	3.0595
2504	2.6580
2505	3.0595
2547	2.5398
6802	2.4352
6530	1.7524
2506	2.0180
2507	2.1343
2556	2.9034
4522	1.8477
7897	3.1284
6531	3.3949
4569	2.0180
407	3.1499
408	3.6507
4523	4.4782
410	3.0466
4525	2.1782
411	2.7726
2509	2.8183
412	2.0180
7366	2.6124
6533	1.9959
2510	1.6023
7084	2.1075
2511	2.6124
6534	2.0078
6211	2.8697
4526	2.3040
7716	2.7650
4528	3.7170
4529	3.3949
4530	2.0180
2512	1.9959
414	2.8811
415	2.3511
4531	2.9423
416	2.8696
2514	2.1223
7776	2.8742
4533	2.3057
6642	3.1284
4534	3.1588
6536	2.4688
5533	2.7726
6537	1.3777
4536	4.2679
1557	3.0595
4537	2.2121
2516	3.2750
417	2.3707
6797	4.3365
6543	2.3663
4538	2.0260
4153	3.4429
419	3.7879
420	1.4340
6675	2.7726
6544	2.4013
3489	1.7309
4540	3.1284
2519	3.2061
421	2.9473
2981	2.8295
2520	2.4456
4541	4.4782
6546	2.2710
422	2.3131
6547	2.4828
4513	2.7726
2581	2.9362
5188	3.1399
399	2.4999
424	3.3129
4543	2.0708
2523	2.8363
7956	1.5904
2662	4.1224
4722	2.8811
426	2.5398
427	4.4101
428	2.0180
1976	4.5415
6853	2.5914
2524	2.1516
1929	2.1619
4547	2.2955
4548	2.3040
3633	3.0595
430	3.2418
6732	3.3129
2526	3.0945
432	3.1284
2527	2.4456
7703	2.1432
433	4.1133
6551	3.0595
6740	2.1279
6552	2.9453
434	2.3511
2528	2.6893
6745	3.3796
4396	2.7112
6555	2.1901
4550	2.8811
2529	3.8665
3505	3.2750
6556	3.0595
435	2.5922
319	2.0180
4551	2.5308
4552	2.2955
6214	2.3585
6558	3.7879
2072	4.0880
1485	2.4013
4553	2.2143
2530	2.9549
5969	2.0180
8050	2.4863
1477	1.6126
2532	4.3365
4554	2.3585
437	3.0595
2533	2.7094
438	1.9531
6559	3.0945
6560	3.2750
5509	3.2329
3252	2.9453
2534	2.4999
439	2.1364
4557	2.3596
6561	1.9404
6562	2.0401
418	2.5000
5971	2.4773
5878	2.3166
440	2.7642
4559	2.1880
4157	2.6988
8123	2.4800
442	3.0595
443	3.0945
4560	3.0098
7802	3.7879
6804	1.9648
4561	2.7229
2761	2.2431
6564	2.8811
2535	2.8430
7696	1.6654
4562	2.7229
2536	2.4013
4564	2.4241
4565	2.4756
6566	3.2750
4237	2.6472
6567	1.9531
2775	2.3585
444	3.7879
4567	3.7170
445	2.2592
446	1.6969
3640	2.2955
2807	2.0180
1369	2.8811
5192	2.8287
4568	3.1149
5535	3.7851
448	2.3585
5879	2.4241
7317	2.8295
7532	2.7094
2537	2.4013
2790	1.3770
7204	3.0948
6576	1.8417
7205	2.8811
2539	2.6890
4570	3.1099
4571	2.7094
6570	2.4863
4572	2.7229
449	3.8551
4574	2.7662
450	2.0297
6572	3.2750
6573	3.2750
451	4.3365
6870	2.8811
452	2.7112
754	2.5956
6526	4.5415
454	2.0180
6575	4.5415
2823	2.3040
455	2.0180
7579	2.4786
2431	2.8811
456	1.8887
7455	1.9506
814	1.8466
2540	3.0595
2541	2.1434
2542	2.0180
2543	3.0945
459	1.8159
3497	2.9075
4577	2.3187
2842	3.2379
4578	2.0413
4579	2.3585
2164	1.5106
2545	2.7726
461	2.1782
462	2.6890
6579	2.8918
6580	2.9403
4580	3.0595
4163	2.3856
6528	1.7711
463	2.2955
4519	3.8484
7043	2.7498
2546	1.9640
6582	3.2239
6583	2.2002
8117	2.7094
4582	2.2955
4521	1.5837
466	3.0945
467	2.9576
468	2.4756
6584	3.4658
2809	4.5415
7211	2.0180
4584	2.6890
756	2.7229
2549	2.0180
470	2.4756
471	2.9423
472	2.9423
4585	2.6485
2550	3.3129
6586	3.1387
1583	2.6808
474	3.3417
7926	2.1364
2551	2.8742
2552	2.8811
2553	2.1764
2554	2.3585
2555	3.2329
478	1.9105
479	2.6124
480	2.4863
481	2.3057
2558	2.8811
2559	3.3824
482	2.3747
7174	1.9146
4588	2.4756
3361	3.0595
483	2.9423
2561	2.5836
484	3.3949
2925	3.0595
6589	3.2329
2562	2.2955
485	3.3824
2563	4.4502
6590	2.4456
5883	2.9052
2934	2.8811
4591	2.3747
6591	2.9039
486	2.4013
2566	3.0603
4593	2.3057
2568	3.1387
4594	1.8437
6351	2.4352
4595	1.4850
487	3.0595
7036	1.5112
488	2.0297
7025	2.0180
2956	3.1688
6593	2.3057
489	2.2506
6594	4.2051
3056	2.0180
4599	2.4352
5958	1.9648
2570	2.8660
2571	2.1132
4600	2.7650
492	2.2955
4601	3.2329
1303	2.5398
758	2.2121
2856	2.2494
4602	3.5002
2572	3.5674
4603	2.3585
68	4.0025
2995	2.0180
6598	2.5819
6350	2.5000
493	2.3511
4604	2.9362
5197	2.7650
495	3.2955
2574	1.8069
497	3.2329
2575	2.0180
4605	2.2955
3007	2.0180
498	3.0595
2576	1.7465
2577	2.3057
2578	2.6124
3014	3.7794
4168	2.3511
2840	2.0180
4609	2.5922
2579	1.5090
4169	3.0948
6599	2.0180
2580	3.0945
499	2.3040
500	1.5702
8113	2.8742
501	2.6540
4610	3.0945
6221	3.6355
502	2.4729
6601	4.6957
5612	2.5740
993	2.9052
7106	2.8295
6170	2.0180
503	4.0409
2582	2.6540
2583	3.4162
2584	3.2750
6268	2.0623
6603	2.1364
7739	2.5521
504	3.1705
7015	1.6654
6465	1.7949
4613	1.4948
3039	1.9892
3057	3.1705
506	2.7726
6604	2.4756
6605	2.7718
6606	2.3663
234	2.3511
6164	3.0442
2153	1.7914
1149	3.6252
6859	3.6337
6607	2.4013
4615	2.8811
7163	3.5628
7569	3.7851
7543	2.4013
507	3.3129
761	1.7321
2585	3.2641
4616	3.4123
4617	2.8352
2587	3.2329
4618	2.3585
3850	2.5398
4619	1.8255
6608	2.4016
7218	4.4502
509	1.6283
6609	4.5415
4621	2.0543
510	2.7679
6610	2.2521
6611	2.2431
4623	2.0163
4624	2.2123
2589	2.3585
511	1.6803
4625	1.9388
512	2.1516
3105	3.2329
2590	2.3511
2591	2.4177
2592	2.3585
2593	1.6654
6612	2.0180
5563	2.7650
2594	2.2955
4626	4.0348
3120	2.7112
6978	2.6124
2595	2.1880
76	2.7229
7544	4.4782
4627	2.2121
515	3.7879
4628	3.4293
6535	1.6235
516	2.6540
517	1.9456
5202	4.0880
518	2.3663
973	1.9781
4629	3.4026
7365	2.8742
7201	2.4352
2597	1.6654
8022	2.2955
4631	2.8742
6615	1.9192
2817	2.3585
6617	4.2495
4633	3.0927
4634	2.2955
4166	3.6507
2141	3.1284
4635	2.8295
6874	2.2955
4636	3.7170
2598	2.3040
519	2.9453
4638	1.7687
521	3.1188
2600	3.6355
522	3.0098
6619	2.0180
7546	2.3585
6620	2.2069
7615	2.8811
2601	3.4026
6818	2.7112
4639	2.4621
4641	2.5130
6806	1.8900
523	2.2955
6621	5.1011
3181	2.8811
4642	3.0595
524	3.2329
7249	2.8368
765	1.9456
2604	4.6957
581	2.6580
2605	3.2300
6623	3.2750
4644	2.7229
2606	2.7229
4645	4.0880
6624	2.2769
6625	3.7170
6626	2.9039
529	2.4352
6627	3.7170
6628	2.5643
6629	2.2955
7276	3.5743
7905	2.4756
530	3.4132
4647	2.8811
531	2.0163
532	4.1361
2608	2.2955
3230	3.6006
6877	2.5398
6631	3.2105
6632	2.3585
2610	3.5674
7296	3.4293
4648	2.2955
3243	3.0595
6225	3.2888
6633	2.5570
4532	4.4502
6635	3.2329
6688	3.7879
4650	2.6697
3511	3.8993
7311	3.6507
6636	2.5142
6637	3.0945
4864	2.8408
4651	3.0945
6879	2.3585
3265	2.8696
2611	2.7361
2612	3.4658
537	2.3966
2613	2.2955
6529	1.2315
2614	2.2955
2615	4.5415
2616	2.9971
2617	2.4013
6640	2.3307
2618	3.1399
2619	2.2955
3284	4.0348
538	1.8376
2620	3.0595
539	2.0889
6094	2.4013
8021	2.6511
4652	3.3949
540	2.3747
2621	1.7056
6643	3.3442
4653	2.7094
4654	3.2750
4655	1.9554
4656	3.5743
7928	3.7879
4658	1.6654
3306	3.4026
3307	4.1224
3308	3.0595
6646	2.5398
3311	2.0180
544	2.0889
4865	3.8484
7938	2.4300
2622	2.7726
1978	3.4658
546	2.0180
4661	2.9321
7236	2.4863
6648	4.6333
547	4.1224
4662	2.3301
7359	2.8811
4663	1.8900
2623	2.2004
2624	3.5743
4456	2.7112
2626	2.1782
3339	2.7094
8056	3.2329
2627	2.6245
4665	2.8295
4666	2.9438
3345	2.2542
549	2.2955
2628	3.0595
2629	4.3874
6538	1.6654
550	1.8069
6653	2.9894
2630	2.3585
6540	2.2955
5538	3.4026
2632	3.4026
7397	2.3323
6654	2.2955
552	2.2486
6655	2.0832
2175	2.3443
553	4.0348
2633	2.4254
6656	2.9576
554	2.5000
555	3.2750
4671	4.1361
557	2.9423
4672	3.1619
1788	1.6654
4673	2.6198
4674	2.8275
2634	1.6023
6658	2.3552
6659	3.7570
558	2.0180
6660	2.9873
6661	2.0180
3388	3.0163
559	2.2955
560	1.7421
4675	2.8811
3542	2.0180
561	2.0180
562	2.5000
7396	2.8783
4406	2.2955
6766	2.1343
4676	2.3747
6791	3.0595
4677	3.1399
2636	3.7570
6665	3.0595
4678	3.0948
3404	2.0163
4680	4.4782
3406	3.4429
2824	3.0595
6666	4.3365
4681	1.9959
4682	1.6654
2638	4.0025
6021	3.1284
2639	2.5495
6668	3.7851
6669	4.5415
7040	2.5000
6670	1.7015
6885	4.3048
3430	3.0595
564	4.3365
4683	3.0945
565	2.3892
566	1.8605
6672	3.1284
5207	2.4756
2640	3.2329
7488	2.3585
4684	2.4352
567	3.7879
2641	2.8742
2642	2.6064
4685	3.6507
4918	3.4658
2643	2.7229
4686	2.3166
2825	2.8295
5389	2.0086
5747	4.3365
570	3.0595
6676	3.5674
7919	2.2143
7511	5.3888
4689	1.6031
4690	3.3796
4691	2.4013
571	2.1364
3470	3.0442
3473	2.7650
3021	3.2750
7554	2.0180
4692	3.0068
3370	3.0595
7545	2.9502
6229	4.0025
6548	3.5219
7555	2.7229
5478	2.0180
6886	3.3094
4693	2.7650
573	3.2453
7376	2.3057
6681	2.7229
7535	4.5415
6622	3.1916
575	2.3215
576	1.9648
4694	4.0880
4695	3.2329
577	2.7726
4587	1.6654
1611	3.1284
578	3.0945
2645	2.1421
4696	3.5674
1830	2.0180
4697	2.2955
579	2.4235
4698	2.8363
6503	2.0180
2647	4.1224
6231	2.8696
580	2.6485
582	2.1762
5559	2.4999
6683	2.2955
6684	2.0180
2648	1.8756
2649	1.9456
5210	3.3824
6685	2.9971
4701	2.5495
4702	3.2061
2650	2.3301
3159	3.2453
2651	3.1705
6687	1.9892
586	2.2121
4704	2.0180
7594	3.6355
587	2.0180
2652	2.8811
2653	2.3511
6689	2.0946
4705	3.0098
4706	2.8275
7557	2.0795
6690	3.2750
589	2.2955
2829	2.7229
2655	2.2955
7014	2.9362
2656	3.0595
5900	2.3585
7623	2.3585
264	2.3511
591	2.2699
592	1.6346
6692	2.6279
595	2.8295
4707	3.3417
3418	2.6580
6693	2.9052
596	2.3585
597	3.0566
779	3.0595
6694	2.7112
423	2.2769
4708	2.3663
4709	2.2121
4710	4.0061
4711	2.3511
7663	3.0595
3603	2.1279
4712	2.0180
8068	2.2962
3614	2.3511
6321	2.7229
6696	3.3094
599	3.7879
1849	4.2605
6697	2.8742
6698	2.2955
6699	3.3824
3164	2.3966
601	4.1224
602	1.9531
6701	2.4756
6703	2.0180
6889	3.0595
2658	2.2121
6029	2.1364
3456	2.5555
2659	2.3511
6460	2.3511
2660	3.5674
6705	1.2519
604	3.0945
7563	2.6485
3651	3.1284
6706	1.6656
605	1.8335
606	1.7846
2661	2.3663
4714	2.6198
7418	3.2329
7723	3.0945
2663	3.3949
2664	1.8069
2665	2.2069
4715	2.1132
6708	2.3585
6709	1.4997
6288	2.1880
6710	4.0880
4716	4.3632
608	3.3417
6711	2.0543
4544	3.5674
7738	3.4026
6713	2.6184
2666	2.5368
4717	3.1552
4718	3.5814
4719	2.7650
2667	3.7879
4720	2.4013
3675	2.3040
4721	3.1284
7925	2.3585
6714	2.4013
611	2.1764
612	3.0945
2668	2.7094
7342	1.6654
7565	2.4352
613	2.7498
1160	1.6579
614	3.2061
4723	3.1284
6715	3.2061
615	2.1785
4724	4.1224
6716	2.5368
6717	2.7094
616	3.7170
3696	2.3585
2670	2.0180
2671	2.2955
4124	2.4352
3701	2.8811
2674	2.6109
3703	2.1364
2676	2.8363
2515	1.2582
619	1.6126
6720	3.6507
4727	3.1794
8093	2.8811
4728	3.2329
6721	3.0603
6722	3.0994
7234	3.0506
6723	3.7184
7808	3.1572
2677	3.1705
5562	2.2542
2740	3.2750
7235	3.0595
3732	3.8551
620	2.1475
2678	3.1284
4729	2.9873
2679	2.7094
621	1.8466
3887	2.0251
5866	2.8295
4730	2.6124
4471	2.8811
2680	1.8069
622	2.6198
4731	3.3129
623	3.2750
7838	2.7726
7929	2.4533
6729	2.3585
624	2.7650
2681	2.0078
2682	3.2329
6731	2.7229
2683	3.3129
6894	2.7726
3170	3.6507
4732	1.9824
2685	2.8811
6733	3.0238
2686	3.0948
431	2.7229
4733	3.2061
627	3.0595
453	2.6124
1209	2.0180
2687	2.3585
7870	3.0948
1508	2.0602
6734	2.0180
629	2.0180
630	2.8688
6970	2.9406
631	2.3057
2795	4.4725
4734	3.1552
7434	2.0221
632	2.0180
4735	3.5674
4736	3.2329
6735	3.0945
4737	3.0442
633	3.5674
6737	3.0595
5564	2.3545
2689	3.0595
2690	1.6126
6237	1.9531
634	2.8363
6738	1.9959
4738	1.8069
4739	3.7170
6739	1.8808
1441	2.3511
4741	3.0595
4742	3.3810
4743	2.6540
6741	2.7112
4744	2.9681
636	2.9104
5416	1.7914
637	2.8811
6743	2.3585
2691	2.8811
4747	1.8900
2692	2.0180
2693	2.4846
4748	2.7229
6525	2.8295
6649	2.9423
6554	3.3094
3848	2.7094
2991	4.0880
4750	2.0180
3852	2.6124
2696	1.8069
4752	4.8156
640	1.7421
7603	3.8636
2697	2.7094
3864	3.2750
2698	2.3833
93	2.6198
642	3.8484
2699	2.4352
6747	2.4352
7960	2.8697
7757	3.2329
6749	2.0180
2700	2.5000
7568	2.1072
6532	2.1432
8127	3.1717
5948	2.9053
6939	2.8295
2701	2.9894
646	2.7642
4755	2.7629
2702	2.9681
1801	3.8636
6752	3.0595
6753	2.4016
2703	3.3055
6755	3.6355
2705	3.2300
647	2.4254
2706	2.8697
4758	2.4352
7292	1.9158
649	1.6654
6150	2.3057
4190	3.2750
4646	3.2750
5570	2.4456
2707	4.0307
5502	3.1284
2708	3.2750
4760	2.6540
8009	3.7879
651	2.2420
6758	2.8245
150	2.4128
6100	3.0595
652	4.3365
4761	2.5495
1551	2.7094
7916	2.3057
4307	4.3365
653	1.4032
654	3.6507
2710	3.1284
655	3.2797
4763	2.8510
2711	2.6187
3955	3.6841
95	2.4533
2712	3.4293
656	2.0180
6762	1.5499
2713	3.4429
2714	1.6579
4765	2.2004
3419	1.8069
6764	1.7601
6824	1.6126
6284	2.8295
5912	2.3585
6765	3.1807
2716	2.4352
7516	4.0727
658	2.5402
2717	2.8068
7007	2.8811
7841	1.6023
6240	2.4013
7552	2.2542
4768	3.1284
8082	2.0401
3753	2.7229
6228	3.0862
6768	1.8900
3176	2.3301
4769	2.5000
2718	2.9749
2719	2.3166
7575	2.3587
2720	3.2061
6769	2.0946
6770	2.5398
660	2.3988
2721	2.4241
6771	2.9062
4770	2.5398
661	2.6867
4771	2.7112
4772	2.5521
4773	3.9231
4035	2.8811
6772	3.3516
4040	2.9576
6773	2.5521
662	3.0639
2722	2.5447
2723	2.7147
4049	3.8636
2724	3.3417
2725	2.5398
664	3.0945
665	2.9321
666	2.2955
6776	3.1284
8137	2.2955
6777	3.0595
4777	2.6124
2726	2.8363
667	3.3824
668	3.8178
6778	3.6309
669	2.9403
2728	3.8845
6476	3.0078
670	4.4782
6779	3.8484
792	2.3672
4194	2.4013
671	2.4254
672	2.8811
2729	1.2099
1	2.3585
6679	2.0708
4780	2.4786
673	3.3129
2731	2.8811
674	3.8725
675	3.0595
4783	3.5648
2732	2.1343
1950	2.0997
4558	3.0654
24	3.1717
4784	2.0723
7868	2.5398
4785	2.2955
6787	2.9362
6173	3.0595
4786	4.0348
32	3.3949
6789	4.2902
2733	3.3129
2734	2.7229
4115	3.1916
6790	1.8069
4787	2.7229
4788	2.0180
3016	2.5521
3529	2.0180
2737	3.2329
4123	3.8636
2738	4.0488
6792	3.7170
3247	2.1364
4196	2.8811
4789	4.0025
680	3.0945
681	4.4502
682	3.7851
4135	3.6507
4141	3.0595
683	3.1284
2741	2.9406
6795	1.9826
2742	2.5819
3332	1.7592
4791	2.5521
2743	3.1705
6470	3.1284
6796	3.5002
684	3.3442
7940	2.0180
685	3.0945
2744	2.8811
4792	3.0639
686	2.4999
5916	3.0948
2745	2.7094
2746	1.6023
4793	2.0186
2747	2.7112
2748	3.2300
4175	2.1343
4177	2.8697
6798	2.3057
6799	2.7229
2749	3.5743
688	2.8811
6800	2.6239
4183	2.4016
4794	4.5415
4186	2.5398
2750	2.2955
3147	2.2121
691	4.1224
6801	2.8295
692	2.2955
6247	1.6023
2752	3.0595
2753	2.2108
108	2.1633
2754	4.5415
2755	2.9576
7478	2.8811
4796	2.6124
4797	1.7366
4798	4.0488
5313	2.5398
696	2.7229
2756	2.5776
697	2.9576
8147	3.0595
4799	2.8295
7347	2.7229
3180	2.5406
6803	2.5740
4800	2.8295
2758	2.5334
2759	3.4658
698	2.7112
4228	1.6475
6482	2.0297
4234	3.6433
4802	2.7726
699	3.3631
4803	2.6317
700	2.5836
4804	2.8295
161	2.7112
6906	2.6124
5228	1.6579
473	2.5000
2762	2.0180
2763	2.2955
6810	2.4756
2764	1.9959
2765	4.3241
2766	4.8156
6811	2.7094
7581	1.8590
56	3.0945
701	3.1284
702	3.4026
4807	1.7722
2768	3.0595
6813	2.3585
703	2.3511
4277	2.0255
4282	2.0180
2769	1.5878
6814	2.2955
2770	2.1764
2771	3.1284
6815	3.0911
6298	1.7610
3790	3.8117
4296	2.8811
2773	2.1314
6819	3.6696
705	2.4235
6835	2.7017
706	4.1497
707	2.0946
708	2.4756
7055	3.1284
2774	2.8363
4811	2.2521
709	2.1969
7582	4.3365
6908	2.5819
4812	2.0180
711	3.1284
2776	3.2750
6821	3.2329
712	3.0595
4813	3.0595
713	1.7082
5923	2.5000
714	2.7112
6206	2.6485
4814	2.5495
6822	2.4352
2777	3.0442
715	3.3115
716	2.5839
717	3.2750
6823	3.4026
6909	4.5415
718	1.7295
5794	3.7879
4815	3.0945
719	3.1284
720	1.6315
7945	2.3166
261	2.4013
721	1.6654
4365	3.3129
3184	1.6956
447	2.7580
7291	3.0232
4816	2.5000
4201	2.3057
6826	2.4016
4817	4.4782
6828	2.7229
6829	1.9959
7147	3.2329
6830	1.8621
4202	2.1700
723	4.1224
6918	2.2955
4080	2.6198
7654	2.7229
6831	1.7931
2654	2.8295
7251	2.4456
724	3.3417
5125	2.2542
2780	3.7794
726	2.7221
4405	3.3129
4819	3.1284
4411	3.0945
729	2.1498
4414	2.2955
7252	3.7879
308	3.1717
4820	2.8811
6833	2.0180
2784	2.7229
2445	3.8636
7161	2.8295
4821	2.7726
3538	2.7229
7948	2.0948
4823	3.6006
4197	3.5743
732	2.5740
5925	3.1387
4825	3.8649
4203	3.2329
6569	1.3182
4826	2.9438
733	2.7112
4827	3.4293
735	2.5398
588	1.8900
2791	2.6548
6836	3.3371
4828	2.6580
6837	4.0262
2792	3.1284
2793	2.8068
1869	3.6507
3349	2.4756
4829	2.8811
4830	2.1782
2794	4.0880
737	2.5495
6839	3.1705
4831	3.2750
6840	2.7726
4832	3.7794
6841	3.3949
739	2.6540
4833	2.9423
2796	3.5338
741	2.6634
6843	2.7345
742	2.1764
743	2.6124
2797	2.7650
4137	2.1364
2798	3.1284
7668	1.9133
3539	2.0180
745	2.6537
4834	3.1619
2799	3.1717
2800	3.1705
4836	4.1224
6846	3.0595
6847	1.4850
746	2.0180
2801	3.1149
810	3.1705
2802	1.7309
747	4.0852
749	3.3129
404	3.0945
4838	2.7112
4839	3.1284
406	2.0946
409	3.0948
4840	2.5819
2803	1.8487
6850	3.0948
2804	2.2955
6852	4.8156
4841	1.4750
2805	1.9253
4545	2.7112
4549	4.6957
748	4.8156
4843	3.7879
6855	2.8688
4555	2.5419
750	2.9362
4844	3.5674
2810	3.0595
6856	2.9075
4845	2.8811
4573	4.1064
4846	2.9093
4847	2.6540
753	3.0595
6858	2.6540
4849	3.0862
2808	2.3585
6861	2.2121
6862	3.0595
755	2.6239
7254	2.9362
4575	2.0946
4850	2.9362
5927	3.2750
5234	2.7094
5588	3.2750
6865	2.7094
4207	1.9192
469	3.3949
3371	2.4013
1872	2.2955
4851	2.2955
6866	3.1152
6867	2.1364
4852	3.4658
4853	2.2955
3871	2.6893
4854	2.7650
2812	3.2750
494	2.2955
759	2.7094
760	2.6124
4856	2.7112
4612	1.6354
4857	2.8811
2813	3.7879
4858	3.3417
2814	2.0180
508	2.0180
2815	3.0595
4620	3.1284
4622	3.0163
762	2.0180
4331	3.0459
2816	3.8484
763	2.7498
4632	2.1432
7242	3.0595
6257	2.7229
764	3.6396
4640	2.0180
525	3.0945
2818	3.0945
7633	2.0946
5929	1.4845
4863	1.6654
6878	2.2955
2820	2.1880
767	2.5398
6258	4.1224
1648	2.6124
2821	2.4254
3238	2.8295
769	3.1688
4667	1.7322
4668	2.8811
6882	2.5398
2822	3.3949
4866	2.8239
4867	2.9000
4868	3.0948
6884	3.0945
770	2.4352
771	2.1364
772	4.4782
4869	2.7094
4870	2.1000
5510	3.5284
4871	2.4886
6577	2.0708
4872	2.0180
773	4.0880
4687	3.7879
4260	1.4837
774	1.8563
4873	2.5351
2826	2.7094
775	3.0945
776	3.0945
4699	3.8484
2827	3.3417
6887	1.8376
4875	1.9122
777	3.7879
778	2.9156
1894	2.0180
5931	2.8275
4876	1.0717
780	2.3511
2830	3.0595
4877	1.8756
5759	1.8590
2831	2.3585
4713	4.0880
4878	2.3040
4879	2.9423
6891	3.0595
781	2.2955
4880	3.7570
2833	2.1498
4881	2.5419
783	2.8363
6893	2.0602
457	2.9576
4882	3.1284
625	2.4756
6895	2.2955
2835	2.4756
42	2.7112
7003	2.8713
6896	2.3585
784	2.0180
7330	1.8466
2836	2.5000
785	1.8756
4751	2.0180
6897	4.5415
3100	3.8484
4725	3.4160
8103	2.9971
6917	2.2955
786	2.2955
6898	2.0180
2838	1.7949
787	2.6758
788	2.1286
2839	2.2955
657	3.1552
4146	2.0092
7957	3.3712
4884	2.1273
790	3.0595
6900	2.8716
4885	2.5398
7389	4.3048
4887	3.0945
791	3.8484
2841	2.7229
6901	3.1705
2854	1.6235
4782	2.4013
4888	2.5398
793	3.0595
6921	2.8295
2544	2.3906
795	3.3949
2843	1.9802
4889	2.5000
6902	2.4254
2845	2.7112
797	2.8408
689	3.1284
6904	3.0862
798	2.3856
6905	2.2004
2846	2.6198
2847	2.3166
2848	2.8811
799	2.6185
460	3.7879
800	2.2121
2849	3.0945
376	2.8068
5576	2.0795
1539	2.8742
803	1.9961
4891	3.0595
5773	4.0307
806	2.8295
1884	3.2329
3588	2.0180
6707	2.7229
5241	1.6527
807	2.7887
1879	2.2143
4894	2.6124
6912	3.1284
809	1.7846
6913	2.0180
4896	3.8178
4897	3.2750
6914	3.0595
4837	2.0795
2850	3.2061
4848	4.0025
5583	3.1284
958	1.7689
6916	4.0025
4900	4.2605
811	3.2750
6919	3.0948
6920	1.6654
2852	3.7879
4901	3.5743
4902	1.6656
4903	2.2004
125	4.4782
2853	4.2902
6807	2.9075
4317	2.2955
126	4.8156
812	1.5835
782	3.2750
4904	2.4063
4905	1.6654
789	3.0238
4906	3.2329
813	1.9876
796	2.4016
5615	2.6893
4907	3.0595
4890	3.3129
4895	3.5759
4898	3.7879
4908	2.9576
4909	2.3988
815	4.3365
3980	2.7333
816	2.2955
820	3.0221
821	2.0602
818	2.6890
5938	2.4846
4910	2.4013
6925	1.9961
826	2.6124
2858	2.0413
2860	2.7221
2861	2.0180
6928	3.1149
6854	2.8295
6929	2.6124
2857	2.0180
6924	3.2750
6930	3.0603
2862	4.0025
6932	2.0180
822	3.0442
2863	2.0180
823	3.7851
851	3.2329
4913	1.3249
3483	2.2955
858	3.0603
7962	2.6124
2864	3.0945
4916	2.1782
824	1.8639
2865	4.5415
6936	2.5419
4917	3.1284
4954	2.7229
2866	3.0603
2867	2.7760
825	2.7726
6875	3.5674
6926	2.5398
5863	2.2514
887	3.0788
888	2.0180
6937	3.3107
2868	2.7726
7416	2.6124
3205	2.9940
2870	2.6580
2871	3.3129
6940	3.1284
827	3.7879
906	2.0180
828	1.8417
4920	2.0290
6941	2.7270
6942	2.2542
1359	3.0595
819	2.7112
2071	2.4756
6578	3.0948
6652	3.0595
925	2.8295
6943	2.5916
3273	1.6048
4922	2.0180
833	2.9053
931	2.0180
5949	2.0180
4923	2.3585
4924	2.2121
834	2.4756
4925	2.8811
835	3.0788
5597	2.3827
6946	2.7112
1854	3.0595
4927	4.5415
5025	2.2955
836	2.7583
2874	2.2506
4928	2.3174
837	3.0595
838	3.2750
2787	2.4352
963	3.1284
972	2.9473
839	2.5000
2875	2.0479
4219	2.1765
4930	1.8895
7645	3.4429
2876	3.6507
829	2.2955
4931	1.8069
2877	2.7809
842	3.1717
7710	2.2121
4932	2.8874
4933	3.1717
2879	2.6187
5602	2.6198
2880	2.8811
2881	2.3040
5944	2.8071
4934	2.9576
3424	2.1421
5079	2.0180
4935	2.3585
4937	3.4293
6166	2.6625
1011	2.7726
5996	1.8563
847	2.0180
7523	3.4026
848	3.9728
4222	2.7229
4936	2.8811
6326	2.2955
6951	4.0061
6952	4.0880
5603	1.6579
6452	2.5368
2884	2.3585
7021	2.1880
6832	3.0442
849	4.5415
2885	3.1705
6955	3.0146
2886	3.3472
5710	3.3949
4938	2.0752
5117	3.1284
4939	3.2750
6585	2.5419
3573	4.1905
3211	2.5398
4912	3.8484
852	3.3129
4940	2.9041
7826	1.9025
7270	2.0795
2887	3.0595
853	2.8324
4941	1.8892
5138	2.6540
6958	2.3511
6959	3.0595
4914	3.6507
1972	2.4352
4942	1.6654
856	2.0180
2888	4.0025
857	2.2644
645	2.6890
4915	2.3511
5146	2.8275
476	2.5398
6962	1.6656
6963	2.3927
1094	2.4013
2889	4.8156
860	2.8811
2890	2.7650
1101	2.1969
2891	2.2121
2892	4.0348
862	2.8811
4944	2.1902
2893	2.5687
2894	2.1782
6967	2.6162
4946	2.9052
1121	2.7642
864	2.1413
5181	3.0078
865	2.6387
4452	3.6825
2895	2.7094
866	3.0595
4948	3.2652
6618	2.3511
4659	2.4254
867	2.3585
3213	2.8275
4949	2.0180
2899	2.4756
868	2.8811
869	1.8088
2989	3.0945
4950	3.7879
4951	2.9362
5950	3.0595
870	2.9576
477	2.3057
2900	2.4786
6972	2.8099
5212	3.0106
5252	3.7879
871	3.0258
4952	2.7229
6974	2.0180
2901	3.0595
2902	2.0180
872	3.4160
4953	2.3707
2903	2.6451
2904	2.0180
2905	2.8828
4956	4.3365
4957	1.9928
6981	2.7726
2906	2.8811
873	3.8484
2907	3.0595
874	2.7270
4958	2.4352
6982	2.0180
6983	3.3115
2910	2.7726
6063	3.7471
3192	4.0880
3776	3.1284
5236	2.3215
7271	2.7112
5609	3.2750
6985	2.1413
6986	3.2750
7973	3.5674
6987	2.7017
6588	2.1764
2508	2.0180
5799	2.4863
876	2.5406
1203	2.1516
6092	3.0948
877	3.4026
2911	3.8484
5952	3.4026
5986	2.6540
2912	3.2750
1218	2.6893
2913	2.2769
6993	3.3129
6994	2.5819
4959	3.0442
878	3.3824
879	2.5000
6995	3.7879
1554	2.0180
2915	2.6198
4961	2.6485
727	1.9892
4962	2.7971
4963	2.8688
3429	2.7005
880	2.9053
2916	2.9894
3849	3.0945
2917	3.0442
4964	2.5334
2919	4.0447
881	4.3365
7275	2.9075
4965	2.0180
1897	4.0025
882	3.4026
2588	3.0948
1259	2.9362
883	3.0595
2560	2.0180
884	1.5073
6999	3.3129
7649	2.7017
885	2.8222
7731	2.0180
4966	3.2061
2920	3.0442
3061	2.3585
5605	3.6355
886	1.8477
6888	2.4456
137	3.0945
4967	3.7879
6036	3.0945
2922	1.8357
4968	2.9321
1281	4.3365
5614	1.8887
4969	2.4429
5327	2.5043
2923	1.8900
4970	2.7229
7253	3.2329
1290	2.5398
4971	2.0180
7001	3.8348
2926	1.6243
4972	4.0782
2927	2.1516
889	2.6597
4589	3.0948
7002	2.4352
890	3.1284
2928	3.1284
7004	2.4999
3803	2.0180
2929	3.1284
2930	3.7879
7005	2.8811
4974	3.8484
893	3.2300
3817	2.7229
2931	3.2329
2932	3.0948
5363	3.1387
5859	2.8696
4975	2.8295
8160	3.0595
4227	2.2955
895	2.4756
1559	2.7345
5370	2.7726
897	1.6816
7949	2.5447
898	2.5000
4608	3.0595
7008	3.2329
4977	3.8649
7611	2.5000
4978	1.2686
899	3.8636
1342	2.4254
2564	2.1880
900	2.2835
5956	1.9959
901	2.5943
4980	2.6198
7011	2.3511
2222	3.0595
902	4.1224
7012	2.6184
2936	2.0180
904	2.2004
5633	2.6890
2937	2.2962
7278	2.9423
4981	3.6355
4982	2.9909
2938	2.5819
5431	3.2750
4983	2.2533
4984	3.3949
5149	3.3129
4985	1.4014
2940	3.0595
2404	3.2750
2941	2.0946
2942	1.3897
2943	2.4773
2944	3.7570
7017	3.3129
908	2.6387
7467	3.6355
2567	2.2121
909	2.0180
6461	3.0948
1387	2.2855
4988	3.2750
2945	2.0180
7279	2.7229
1226	3.1284
7018	2.2955
4989	3.6252
7019	4.0880
3571	2.7595
4990	2.9894
4991	2.8811
2946	2.0180
5589	4.2605
7714	3.1284
6274	2.6780
4993	1.4236
2739	2.0180
4994	3.1284
1404	2.4756
4995	2.8811
915	2.8211
916	2.6540
2948	2.3511
2950	3.2750
4997	2.5398
4300	2.2907
1418	1.9959
5620	2.3040
7022	3.0442
1851	2.8295
7023	2.2838
7282	2.3906
4998	4.3324
917	2.4013
7024	1.6579
2951	4.5415
2952	2.6773
2953	1.9531
5000	2.7229
465	3.0595
918	3.0595
2954	2.2072
583	2.4352
5001	2.0180
2957	2.0180
6463	2.2955
7026	2.2121
6521	3.0595
5002	2.6584
2958	3.4026
5003	2.2871
7028	3.0634
5004	1.5401
7030	3.7879
2340	2.7345
5622	2.6540
2959	2.0795
1457	3.0595
8097	2.3177
2960	1.6126
7033	2.4352
922	3.2300
5262	2.4773
1465	2.3534
2962	2.3966
4987	3.3417
1470	2.4013
3895	1.8756
924	3.2830
5008	2.7177
5009	2.0078
5200	2.9576
5010	3.1284
7943	2.0180
926	3.2750
2964	2.8245
2965	2.3418
5623	2.0260
2966	1.5600
4921	3.4684
6085	2.3892
4509	2.7112
5011	2.7229
7959	3.5743
2967	2.6864
2968	3.1705
8011	2.9406
5012	1.8756
6571	3.0595
1501	2.0795
5992	2.1279
7285	2.4352
2970	1.5112
2971	2.4688
1515	3.7879
491	4.3365
7041	2.8811
2972	2.7229
2973	2.7112
6944	2.8811
2974	2.3672
7044	1.6126
2975	2.6198
5962	3.8484
7046	4.0061
6595	3.0375
7978	4.3365
5013	2.6124
2977	2.2542
2978	2.0180
5844	2.9423
6759	2.6429
2980	4.5415
5015	2.5956
936	2.6890
7048	2.4013
937	2.7229
7050	1.4850
2230	2.8811
5264	2.7094
5626	2.5000
5019	2.2955
3896	2.2542
5619	2.4999
2984	2.3166
7051	2.1880
7052	2.0180
7053	1.9876
2985	2.8811
5627	3.0595
5020	2.0180
7054	3.2750
2986	1.8069
3036	3.1284
2987	2.1880
4238	2.2955
939	3.0945
3178	2.5819
6276	1.2846
940	2.8811
5078	2.5000
2990	4.2902
7056	2.6890
6597	2.7192
4566	2.8713
4239	2.9894
7452	3.1284
5830	3.7879
386	2.8500
6678	2.4013
5842	2.1782
941	3.2750
6890	3.2329
1597	3.0945
7058	3.0945
2082	2.8811
5022	3.4658
5023	3.3478
5683	2.4013
7059	2.5553
5685	2.6124
942	2.7229
1608	1.8069
7060	3.6825
7061	2.3585
5024	3.1552
943	4.4782
2993	3.2329
7062	2.8811
6881	4.5415
2994	2.4016
2573	2.4352
7064	2.1077
1620	3.0595
945	1.6654
7066	2.3585
7624	2.1168
5027	4.1905
7068	1.7012
2996	2.5398
2997	2.5419
947	3.5707
948	1.9959
7069	4.3365
5266	2.6540
950	2.6584
5165	3.0595
5028	2.5398
5718	2.2121
3781	3.0595
951	2.6064
7576	2.3585
952	2.9378
5483	2.1969
5030	3.8551
5031	2.4013
7607	2.0795
2999	3.3129
5032	3.1284
3000	2.7726
7287	2.4773
953	2.3669
5033	4.3365
954	2.9075
3001	2.2542
6281	3.6006
3002	4.0348
3898	3.0442
955	2.4013
7071	2.4786
3003	3.0238
496	2.3146
956	4.0061
5034	1.8415
5267	2.4013
7073	2.7629
3005	1.7253
957	3.5002
7629	2.7229
5036	2.0180
3006	3.1705
7074	2.7229
7075	2.4773
7630	1.5308
5037	2.2955
959	2.2062
5038	2.5067
961	2.0795
1021	2.3447
5039	2.6540
7076	3.3949
4749	2.5000
5040	2.2955
5041	3.2750
4606	1.6126
5042	4.1224
4607	2.9075
4929	2.4277
964	2.4013
7077	3.2750
5043	3.6507
3010	3.5284
7078	2.1354
966	2.2635
5044	2.2121
4245	2.4013
7079	3.1284
3011	3.5339
968	2.3057
3012	2.4756
5045	2.1343
7080	4.6957
7213	3.6433
5014	2.4235
969	3.0595
3013	2.9423
7632	2.6198
970	3.4293
7082	1.7733
5047	2.5130
3015	2.7094
971	1.9177
5048	2.7662
6948	3.0595
5049	1.7082
34	2.5687
5811	2.1744
5050	2.2955
6949	2.6511
7083	2.2955
5051	2.4786
4466	2.9362
3017	2.2955
5052	1.8069
1763	3.7570
6361	2.9453
974	2.9642
5053	2.4067
3018	3.2750
3019	3.0595
5054	4.0348
975	3.4938
5055	2.2769
5168	4.3365
976	3.8484
3022	2.3057
5056	3.6355
598	3.1284
1355	2.7229
978	4.4782
7634	4.2187
3023	2.8811
7324	2.2955
5840	2.0180
1786	1.4664
3024	3.6507
3237	4.4782
979	3.8636
5057	3.3417
3026	3.2750
5058	3.1284
5059	3.4026
981	2.9576
7088	2.3585
7089	3.7570
3028	3.0595
7090	2.4352
5973	3.1387
894	2.6198
982	4.0880
5061	2.8811
5062	2.2644
5063	3.0919
5064	3.0595
7092	3.0945
7093	2.7094
984	3.0442
5065	1.6108
5066	2.5398
6682	3.4658
7095	2.8697
7096	2.0180
6857	2.0708
5067	2.7229
5068	2.0180
3032	3.0595
987	3.3824
988	1.8563
5895	3.7170
2878	3.1284
5069	2.9075
3033	3.6252
1850	2.5687
3035	1.9479
3579	2.8068
7100	2.3585
5070	2.0711
1859	2.0180
5071	2.0708
4185	3.6507
7626	4.5415
989	2.9576
7101	2.2955
6285	3.4658
6600	3.0948
990	2.6540
5072	3.1284
3037	2.0180
7103	3.4596
991	2.5130
7990	3.0603
5073	2.0180
5074	3.1916
4859	1.9876
5075	3.0442
5932	3.0945
6614	4.5415
5076	4.4782
7105	3.0595
5941	2.1764
3581	3.8993
3040	1.6243
7336	2.4756
7750	1.8900
3041	3.0595
7617	3.1284
2278	2.4773
5274	2.0180
3043	3.0595
5077	2.6540
996	2.9386
997	1.6654
998	3.0442
5974	1.9177
7788	2.6175
7107	3.0945
3045	2.3166
3046	1.9961
1000	2.7112
4862	2.5687
1001	3.4026
1918	1.8756
3520	1.6654
7108	2.7112
4611	2.4756
1002	4.2605
3047	2.9039
4155	2.8811
1003	2.4756
1926	3.7879
3048	2.4773
7827	2.4756
6950	2.4756
5080	2.4015
4001	2.6198
5081	3.0927
5082	2.6451
1004	3.2750
3049	2.8007
5083	2.1364
3050	2.5819
1005	2.8697
1006	2.5398
1007	3.5743
3051	3.1284
1008	3.5743
1956	2.7410
5084	4.5415
6136	3.6433
6016	4.0348
7113	3.2750
5595	3.3129
7114	1.9959
4249	2.2955
3052	4.1224
3134	2.6198
1010	2.7192
2882	3.5743
7116	2.3040
3053	3.0948
1012	2.4013
514	2.5000
1013	2.2143
5086	3.1688
7640	2.6279
1975	4.0348
5087	2.1596
505	2.6124
7118	1.8908
1014	2.7229
7297	2.9438
5088	3.0595
3055	2.6890
1534	1.7015
2045	2.3833
7120	2.2769
4614	2.8811
7442	2.3585
5089	2.5819
7559	1.7346
5090	2.8230
7643	4.4782
5091	3.3796
1997	2.0602
7121	2.5398
5092	2.4352
5093	3.1717
5094	3.0948
3746	2.6124
7644	2.1880
3058	2.3491
5095	3.3949
3059	3.0506
1015	2.8295
1016	2.3108
5096	2.7229
3060	2.0180
5097	3.2329
2026	2.0180
5098	3.7879
5437	2.0180
6159	2.8811
3062	2.2955
1022	2.8811
5100	2.3585
1023	2.6890
6080	3.3949
4745	1.9609
7123	3.6405
5101	2.4352
6953	1.9959
1026	2.6540
7124	3.1387
5102	3.1284
1028	2.2955
5104	3.3129
830	2.5398
7646	3.3949
3063	2.3128
6189	2.5916
3064	2.8716
5148	2.6198
2059	2.9075
1031	2.5000
5105	3.0595
3065	3.0595
5106	2.8295
2064	2.2957
3586	2.3057
3066	2.4468
5107	2.5819
1034	3.2750
5647	2.8811
2070	4.3167
3067	2.7017
5108	2.0795
5648	2.8239
7131	3.0945
6117	3.4293
5110	2.4352
1035	3.4658
1036	3.0163
5135	2.4352
1037	2.6185
5111	2.3892
5112	2.7017
5113	3.0375
3068	2.4756
3069	3.0911
1038	3.4026
3071	2.2143
5114	1.6126
5115	2.8275
5116	2.2121
850	2.0163
5118	3.2750
7320	2.3511
1039	2.5398
7134	3.4026
1040	3.7879
2104	2.3511
3072	2.3596
1041	2.3585
1042	1.7035
5982	2.4756
3073	1.9232
5120	2.0180
1043	1.8590
1044	3.2750
1045	5.3888
3074	1.8069
3075	1.8466
1046	1.8900
1047	1.8417
1048	1.7931
7139	3.0634
1049	3.2750
7140	3.2750
5123	3.8484
5124	3.0595
1050	4.5415
6788	3.8484
7141	3.2329
7142	4.1224
1051	4.4782
3076	2.4786
7301	2.4352
6197	2.0180
2586	2.2123
3249	3.7851
3077	3.4123
1238	2.9909
6980	2.0795
6957	1.6126
1053	2.6870
7144	1.8069
3078	3.6355
2163	2.2955
1054	2.8275
3080	3.0595
6119	1.8477
5126	3.0595
5127	2.0180
7148	2.3585
1055	2.0180
7303	3.0945
7149	3.7879
3082	2.4756
3083	2.4013
5128	2.6124
3084	2.6511
6295	2.3511
5130	3.0595
2625	3.0595
5131	2.3585
3085	2.2273
7152	1.6023
1057	2.3057
3086	2.5819
1058	2.3827
2197	3.2300
2198	3.2329
5132	4.3286
1059	1.8069
3089	2.4068
1060	2.5819
7154	3.2750
5133	2.2955
5134	2.7918
3090	2.2533
5373	2.5000
3091	1.9386
1061	2.6198
1062	1.4850
1063	1.7082
1064	2.7017
3092	3.6355
5136	3.1705
3093	3.1149
7159	3.6006
3094	2.7642
1066	2.3585
6273	2.0180
1067	2.5000
3095	2.3966
5139	3.0945
7941	2.4235
903	2.0290
2232	1.6129
5140	2.0633
1069	2.4456
5141	2.0180
7815	3.3417
7146	3.4026
7162	3.1619
1070	3.7184
1071	4.1625
1072	3.2407
3099	2.5819
7164	4.2902
7165	2.8309
7166	2.3585
1243	1.1256
7167	4.1361
3833	2.0180
1074	3.3417
2257	2.3166
2260	3.2453
1076	2.7565
7168	3.0595
6329	4.0447
2266	2.2955
7306	3.0603
3101	3.7851
7170	2.7229
1077	4.0880
2243	2.3663
1078	2.8811
1079	2.8071
3102	1.1767
2282	2.6673
3104	1.8088
7307	2.7650
2292	1.8756
7726	3.9310
5144	4.6957
5145	3.8847
859	2.1390
5147	2.4241
1081	2.7650
2309	4.0025
3107	3.6252
1082	3.0595
1244	2.1665
1914	3.0595
7310	2.7094
1084	1.5212
2327	4.1361
3110	2.0401
3111	3.2750
3112	4.2605
1085	2.5398
3113	2.1762
3136	3.1705
7821	2.7229
3114	1.6654
3115	3.6294
3116	2.8742
1086	3.1387
1087	1.9177
1088	2.3663
6613	2.8811
5150	2.6733
2348	2.3187
5151	2.6387
1089	2.7726
7175	3.0948
3118	2.8811
7176	3.0375
5152	3.3129
1090	3.1387
2365	3.0595
1091	1.6654
7177	3.2771
5153	3.1284
1092	3.5674
3119	4.4782
6302	1.8563
513	2.2955
1093	2.7112
6964	3.4658
7179	1.6235
3121	2.2333
6965	3.8636
6848	2.1432
1096	3.5743
1097	2.9121
2390	2.0129
5290	1.7082
2393	3.3472
1098	3.4952
5154	2.8697
7180	2.9423
6971	2.5398
1099	3.7879
6205	3.0974
8083	3.1619
1100	1.4014
3123	3.0595
1102	2.0180
6305	2.1785
1103	2.1764
3124	2.3585
1104	1.9959
1105	1.9554
1106	2.5334
5159	2.2962
1107	4.3365
861	2.2069
3125	1.7082
1108	3.4202
6436	3.2750
7181	1.5971
5385	4.0348
3126	4.5415
1109	3.2750
7182	4.1224
1110	2.4352
6444	1.8171
3128	3.1284
1111	2.4756
3129	3.8636
5161	2.9473
4481	3.7879
1112	3.1705
2248	2.3595
7185	3.0595
7186	2.5495
5163	3.1619
5164	2.3585
7222	1.5102
5166	4.0348
3132	2.1756
5991	2.5419
5170	2.0297
3133	2.7221
6664	2.0602
1115	1.2312
6472	2.5819
1020	2.3585
1116	2.0803
7187	2.9362
7188	1.5575
3904	3.2750
6320	2.3585
1117	2.2955
5173	2.0180
2462	2.5487
5174	2.3585
1118	2.0163
1119	2.0180
5175	3.0098
5176	2.1343
5177	3.1284
2477	4.0447
2478	2.0946
7191	2.0946
7192	2.1782
2483	2.2955
1122	3.7879
1123	3.1284
3137	2.3585
1124	2.1765
6514	2.4013
3138	1.8756
5178	3.0948
1250	2.3585
1125	2.8811
7193	2.7726
3140	2.2955
1126	3.0595
7194	3.1284
1127	3.2418
1128	2.0946
4947	2.4013
1130	2.1364
7197	2.2955
5183	3.7879
5185	3.2329
5186	2.4352
6156	3.7879
1131	3.0106
2513	3.3511
7199	2.4773
3142	2.4254
7583	2.2769
7200	2.1785
5187	2.3233
7286	2.8811
2518	2.9742
1133	1.7711
2259	2.6485
1134	4.5415
6968	2.1279
7202	4.3365
1135	2.2955
6553	3.3417
1136	2.3057
1435	3.0595
5191	2.8811
6969	2.7229
7659	2.1811
593	2.0180
7203	3.3472
1138	2.7112
1139	2.5839
2538	2.5349
2896	2.1689
1140	2.1880
7206	2.2955
5193	2.2942
7207	1.7322
1141	2.9362
5194	1.8900
6309	2.7650
5195	2.7229
7209	4.0348
2897	1.6126
7210	2.5740
6348	2.0180
1142	3.7879
7212	2.8430
4926	3.7879
1143	2.0180
1145	3.6507
7214	3.0945
5196	2.2955
2898	1.6654
7215	2.3040
1146	1.6127
3145	2.3443
1933	2.8811
7216	3.5772
3146	3.0945
5198	2.9894
1147	2.7229
7217	2.0634
5199	2.3137
1148	3.2300
794	3.6355
5201	2.6118
3148	2.5000
3149	2.7094
7219	1.5293
7220	3.0595
3150	3.7879
1150	1.9869
1151	2.5368
3151	3.5743
1152	2.7726
7035	2.2955
6312	3.2750
3562	2.3672
7223	3.2329
1153	3.0948
8008	2.9576
5203	2.3585
5204	4.1905
3154	2.2955
7225	2.1579
1154	2.0180
7226	1.6126
2631	3.1284
3283	3.3528
7227	2.7718
3155	3.4026
1155	2.7726
7228	3.5002
5995	2.0180
5205	3.2750
7229	3.5971
6314	4.5415
7230	2.0180
520	3.0595
3156	2.3585
1156	2.0180
7232	2.5266
5208	3.3556
7233	2.7017
1157	1.9456
3157	2.2955
3158	3.2329
5211	2.3672
3160	3.0078
3161	1.9267
3162	2.3040
3163	2.0479
6973	2.0180
1159	1.9959
5213	2.0180
1934	1.9648
1182	2.4352
5214	3.0603
5215	3.3949
3167	3.8636
7319	2.0180
5216	1.6654
3168	2.6540
5217	2.7229
5218	3.0595
6827	2.0946
1161	4.4782
1992	3.8847
5997	3.8363
2684	2.0826
5219	3.2750
1162	1.8069
3171	3.8636
2688	2.7094
1163	2.3663
1164	3.0442
5884	4.0880
1165	3.1306
5220	2.6110
2502	2.3511
5221	3.2750
7238	2.4254
6746	2.0180
7239	2.4756
3173	3.1284
6748	2.0480
7240	2.5495
4039	3.1284
5222	3.1284
3174	4.1224
6976	3.0595
5223	2.4013
6977	3.7879
1167	2.4352
6763	2.3057
5224	2.0180
5225	3.3949
3930	3.8003
1168	3.0595
1169	3.0106
1170	2.2955
7241	3.0595
3177	3.0595
6873	2.4235
5301	3.6507
6784	1.8179
3179	2.2644
8055	2.0723
5401	4.4782
5226	4.0348
1172	4.4782
1173	2.6540
1174	3.0127
4268	2.4235
7244	2.3966
1175	3.9231
1176	4.1224
7245	2.0180
3182	2.7650
3263	2.4621
7086	2.7229
5229	1.8939
7246	3.0945
7247	2.1314
1177	2.3892
6817	2.0180
5230	3.0595
1178	1.9456
1179	2.3307
7248	3.5759
7666	3.0639
5231	4.0307
1181	5.3888
8107	3.3129
1065	3.1185
7250	2.3585
3185	2.2506
2779	1.8069
5232	2.1498
2785	2.0180
2786	4.0348
3188	2.8811
3189	2.0180
3190	2.7229
3191	2.7094
1183	2.2955
3193	3.7879
5233	2.1821
3194	3.2329
1920	3.1705
1184	2.0795
4271	3.4658
1185	3.1705
3195	1.8905
1186	2.2955
935	4.3365
6868	4.2311
3196	3.0595
6872	2.9075
3197	3.8636
7707	2.0698
2819	3.0945
1188	1.7711
1189	2.0163
3199	3.1688
5235	2.4352
7256	1.8115
3200	2.7112
1191	4.1625
7257	1.8939
1192	2.8363
7258	2.6813
4273	1.9456
5238	2.2995
170	2.0297
6322	1.8069
7259	2.6893
1193	2.2069
6323	2.9918
5240	1.5837
1194	1.9192
7261	1.8069
1195	3.4658
7322	2.7650
5242	2.4756
5243	2.2069
3203	3.1781
5244	2.2955
7263	2.5398
1196	1.6256
3204	3.0948
8118	1.9307
5245	3.1284
1219	2.4013
3867	2.4756
1942	2.1717
7266	2.5487
5308	2.8811
1197	3.0595
7267	2.9971
3207	3.2453
3208	3.1284
7268	2.0180
7269	2.5000
4093	2.5836
3210	4.1625
6954	1.7989
585	2.6511
1199	3.4658
928	2.7726
5248	3.6355
5249	2.2516
3212	1.6891
1200	2.6485
5250	2.5720
1463	2.7229
1201	3.1284
3214	2.3585
5251	3.5674
3215	3.0595
1202	2.1717
2909	2.7229
3216	3.5674
5253	3.2750
6005	3.0595
7272	2.1880
5254	2.8742
7274	2.2044
3217	3.7794
3219	2.9576
5255	3.0595
6956	2.0163
1204	3.4293
3220	3.4026
1265	3.7879
1205	2.5495
7277	2.5495
2933	2.5398
1206	4.3286
5257	1.6579
6108	3.0595
5258	2.6485
3221	3.6433
4359	3.2300
5259	2.3511
1025	2.7112
1208	2.6893
5261	2.5000
7280	2.3057
7281	3.8636
3222	3.2329
3223	2.0297
3224	2.0708
7283	4.0488
2961	2.3585
6992	3.0442
3225	3.0595
6630	2.2955
1210	1.6654
3226	2.0180
1211	1.7309
5263	3.0945
1213	2.5000
3227	3.7879
3228	3.0945
2979	4.0348
1214	4.0348
1746	3.2750
21	4.0311
3229	2.5836
8042	2.0566
1216	2.6387
5265	2.0180
2609	4.0025
1217	3.3472
6401	4.4782
3231	2.4013
1691	3.0595
7070	3.3129
2998	3.8484
3232	2.3057
3233	1.9497
2955	3.2750
7288	4.2792
6007	2.7229
5268	2.1432
3235	1.8015
8038	2.0787
1220	1.8756
7923	4.5415
7290	4.1224
3236	3.0945
5269	1.7949
5270	3.0945
1018	3.3417
6328	2.8295
1221	3.0919
3025	2.6198
5271	2.1901
5272	2.3511
3239	2.2955
5273	4.5415
4960	3.5674
1222	2.0180
3240	2.5419
3241	2.8716
3242	2.2955
1223	1.9959
7585	3.2750
3771	2.4013
2914	4.0880
1224	2.7112
5275	2.8811
5276	2.5398
7295	3.6294
1820	3.3129
5682	2.0180
5278	3.0595
4649	3.0752
3855	1.8711
5279	2.0180
1227	3.0945
5280	3.2329
5281	1.6579
1948	2.4352
7809	4.4502
7299	2.7094
1228	3.7851
1229	3.2329
5282	2.7726
1230	3.0163
1231	3.3129
6397	3.5002
1232	2.8295
3619	2.2955
1233	3.0595
5284	3.0540
1235	3.8636
1236	2.7094
3248	3.7879
1237	2.2838
5285	4.4502
3250	2.0180
3251	3.0595
1240	2.3587
5184	3.3417
7153	2.5130
7304	3.1619
7155	3.0595
5286	3.2329
3253	2.0260
7305	3.9231
1242	2.1902
2150	4.3286
3254	1.5540
7169	4.5415
5287	3.1688
5085	2.8742
7308	3.2750
7309	3.5743
5288	2.0180
5289	2.3585
1245	2.4456
7198	3.0595
6126	2.7726
1246	2.3585
3255	3.2001
3256	2.3663
4805	2.4013
3257	3.0744
3272	2.4352
7328	3.0595
6182	2.5000
1247	2.9453
1248	3.0595
7312	2.5664
5291	2.7229
3135	3.5743
1249	3.4218
1519	2.8811
7313	2.2955
3141	3.6942
5292	3.3129
7314	1.7666
5293	2.6540
535	2.3903
7315	2.0180
1251	2.1969
7208	3.0948
5294	2.6124
5295	2.6893
7316	3.0945
6616	3.1284
3261	2.6429
7677	2.2309
7329	2.4352
2297	2.4352
7679	3.0595
3153	3.1284
1252	2.4016
4034	2.7726
3264	3.1284
1253	2.5334
5297	3.1283
1254	2.9465
3169	2.3585
5298	2.3746
193	3.0948
1326	2.8811
1256	3.2061
5299	3.0163
5306	2.3585
536	2.8811
5300	2.3663
1257	2.8965
5302	2.5398
5303	2.2506
3268	2.7112
5304	1.6654
3269	2.3511
3270	2.7112
1260	2.8811
5305	2.3511
4899	3.0595
3271	3.7851
3266	3.2750
6998	2.7221
5307	3.6433
1262	2.5956
3206	2.2955
2271	1.7136
6704	2.0180
7323	1.8255
1264	2.4013
188	2.7112
3274	3.0017
4592	3.3417
6333	2.3307
1266	4.0061
6523	2.6124
3275	3.3516
3276	2.0180
5312	2.9473
2272	2.5419
7326	2.2955
3277	3.1284
1268	4.8156
7293	2.7942
6639	2.8811
5314	3.0788
1269	2.1343
1270	3.7879
3278	2.4013
7652	3.1284
5315	3.7570
7768	2.8295
1272	2.0297
3279	2.0163
3280	2.7229
3281	3.0919
1273	2.2121
1959	2.0180
5959	2.2838
1274	2.4013
7318	2.2769
3285	2.7229
6264	4.4502
5317	2.7229
7709	2.4013
5318	2.4254
7693	2.2955
1275	2.9894
1276	2.7726
3286	1.9531
1277	3.1415
6641	2.1880
1278	3.0595
2921	3.2329
3287	1.6654
6335	2.7345
5319	2.5398
7337	4.1224
1831	2.0180
1279	3.0634
1280	2.2955
5320	2.0290
7265	2.0946
7331	2.5130
7332	4.5415
6015	3.2750
3292	2.8811
2751	2.4013
5322	2.8811
1282	2.3585
6336	2.9971
5691	3.2329
3322	2.2955
1284	2.3585
3294	2.8697
7333	2.3663
5324	4.8156
198	2.6540
5325	3.0595
1287	2.7229
7368	2.1811
5326	4.4502
3295	2.9052
7371	3.1284
1288	2.2044
5328	3.6507
3298	3.9310
3299	3.4026
7338	3.0595
5330	3.7851
3300	2.8275
3186	2.0180
1289	2.2069
3301	3.7526
542	3.1284
7408	2.0180
3302	3.2750
1961	3.7170
3303	4.4782
5334	3.2300
5335	2.3585
7343	3.3824
3304	3.7570
1291	2.9362
6991	2.7230
2873	2.4352
6337	2.6124
740	2.2069
3305	2.2123
7344	2.0297
7346	3.0595
1292	1.1969
1293	2.3215
1294	2.7565
5336	2.7112
1295	3.2750
1296	1.8466
920	3.0595
932	2.3002
6425	3.4026
3309	3.6006
7349	2.8408
3401	2.0401
3310	2.6124
5338	4.0061
1297	2.0180
563	2.0180
8026	2.0180
3312	2.4456
2531	4.0348
7352	2.5956
3313	3.2797
1298	2.7112
7353	4.1224
1299	2.7821
7451	3.2329
1300	2.4013
5339	4.0348
3314	3.4429
1301	2.1364
5341	2.3585
3412	2.5521
5342	1.8069
545	2.0180
5594	4.2113
1302	2.4688
7588	3.3417
6280	3.0595
3316	1.9531
1304	4.0880
2289	4.4782
5343	2.6511
5344	2.8688
5345	2.3146
5346	2.2069
3318	2.4352
5696	2.8811
891	2.0512
6043	3.7829
6270	2.3585
1306	4.0880
5347	4.1224
4295	2.6124
3319	3.6355
1307	2.5819
5349	3.0948
1308	2.3040
3320	2.8295
3321	2.0180
3323	2.0180
3324	2.2250
7358	3.0595
3293	3.1717
5350	1.9244
3325	3.1284
1309	2.8713
3326	2.8143
5352	2.7094
3327	2.3927
5353	2.8099
3468	3.3129
3947	2.7229
3329	3.0945
1311	2.2143
5354	3.6355
7362	3.6813
7363	2.5398
892	3.3417
3330	3.2750
7334	3.0595
3331	2.8295
1312	3.8636
1313	2.3585
5698	3.4026
5800	4.1224
1017	3.7879
1314	2.1880
1315	3.2329
7006	3.1284
3333	2.3146
5719	2.0180
3334	1.9019
3335	3.3949
1317	3.3129
1318	2.2955
2872	2.5819
6341	3.2422
7369	3.0595
1319	3.0945
5359	4.5415
1320	3.0945
5360	2.9549
1321	3.3107
1964	2.3663
7372	2.3306
1322	3.1284
3337	3.7570
3296	3.1284
7656	3.3949
6650	2.9576
1323	1.9648
7586	2.6540
3540	2.0180
5918	3.3129
1324	1.6732
7111	2.5111
1325	2.9423
4082	2.3399
3554	2.4013
5365	4.1055
3341	3.5743
3342	3.2750
7300	4.5415
1327	2.1969
5366	2.4756
5367	2.1234
7448	3.1619
3568	2.3057
1328	3.3949
911	2.6890
7616	2.3585
7619	3.1284
7625	4.0348
5368	3.0595
6147	1.6235
548	3.2750
5369	2.4597
1329	3.3949
1330	2.6893
3585	3.0442
1744	2.7192
7377	1.9648
7378	3.8636
1332	3.5674
3593	2.4013
1334	2.0180
3595	2.6124
1335	3.0595
7380	3.6355
5371	4.3592
5372	2.2955
6344	3.0945
831	3.0595
1336	4.3365
5374	2.8232
5375	3.2949
5376	2.3511
7382	2.3747
1027	3.1185
5377	3.2750
3347	3.0595
5331	2.0078
7340	2.2123
7691	2.3892
1500	2.2431
3348	2.5419
8002	1.9590
1337	2.0180
1338	2.2955
7700	2.8811
1339	2.4352
1966	2.9362
3351	3.8484
7437	2.6279
8031	4.2902
5378	1.8069
5379	2.8646
3353	1.7309
3652	2.7650
5381	2.8696
3653	2.8742
1340	2.4013
1341	3.2379
5383	2.3102
2287	3.0146
3356	2.1762
1390	2.7229
8115	2.2955
7387	2.0180
3357	2.2121
1344	2.5398
7010	3.1387
1345	2.8811
1346	3.0595
7388	4.0061
6366	2.4756
5386	4.0061
1347	3.8484
5387	3.0595
5239	2.0180
1348	3.1284
2935	2.0530
7392	2.1279
5388	1.4348
7470	3.1705
7394	2.0180
1892	2.8811
1619	3.3417
7264	2.6124
738	3.1284
5702	1.7552
3360	2.5495
3029	3.8636
7518	3.2758
3362	3.3179
1350	3.1284
7770	2.8811
551	1.9855
2003	2.8811
5333	4.0880
1962	3.0948
3704	2.8828
5390	1.4884
5960	2.2570
1351	1.5486
6125	2.2542
1352	2.8811
1353	2.3307
1354	4.0348
7400	2.1025
5392	2.2955
5393	3.0898
3363	1.9479
7013	3.0945
4670	4.5415
3364	2.0180
3365	2.3585
1615	3.0442
7401	3.0948
3727	3.1705
3366	2.4254
1356	3.2329
5396	2.2121
5397	2.0180
1241	3.0595
5398	2.3856
2296	2.6064
7402	2.3511
1357	3.7794
5399	2.2955
1358	1.6579
5400	2.9549
2883	2.9362
1839	1.6961
7404	2.9423
7405	3.0948
7835	3.0098
3367	2.5446
1360	2.0163
205	3.3884
1361	3.8636
5402	2.2955
1362	2.9362
7406	1.9648
3368	2.3827
5403	2.4756
5404	2.0513
5405	3.1284
3369	1.4379
1364	1.7236
2939	2.9894
5406	3.0595
6657	2.3585
7862	2.3215
6581	3.7851
3372	2.0180
5408	2.5836
3373	3.2750
1366	3.1108
3374	4.3365
5409	2.0180
7410	3.0595
5410	2.0889
3375	3.3129
1368	1.5074
3793	3.7184
3376	2.7094
4098	2.0180
3797	3.0595
1370	2.2955
3377	2.0180
1371	3.0595
3812	3.6507
5414	3.4026
3378	3.1284
7895	3.2329
5415	2.2955
1372	2.6584
7413	2.0180
3826	1.4019
4986	1.9609
3832	3.2750
6409	2.1516
5704	1.9892
1375	3.3949
5417	4.1224
5418	2.5398
5419	3.2750
5420	1.8466
5766	2.7094
8037	4.6957
3380	2.9894
7415	2.8346
5421	3.8551
7417	3.7851
1970	4.3365
5585	2.3585
3381	4.1224
7420	2.0180
3383	1.9959
5422	3.0945
7675	1.6235
1376	1.3702
7422	2.5419
5423	3.4026
7424	3.6294
6300	1.9266
3869	4.0025
1377	2.6387
3384	1.6656
3873	3.4429
1378	2.4688
6863	2.1880
5424	2.8295
3875	3.7851
2229	3.0595
7428	4.3874
1379	2.2004
3386	2.1364
5425	2.3146
7429	2.5819
3387	2.1785
4311	2.6198
7430	3.3094
5426	3.4684
5427	1.8563
7431	2.3511
1380	3.2329
3842	2.4013
1599	2.2955
3389	2.7821
6662	3.2750
7433	2.0723
3390	2.2955
7435	2.4381
1382	3.1284
3391	2.6451
1383	2.8811
1384	4.8156
1385	1.7931
7436	2.0180
1386	3.0639
3925	1.9192
3338	4.2902
5432	2.7017
5433	2.3585
7438	3.0442
7911	2.2542
5337	2.8295
3392	1.9002
3934	3.0595
1824	2.1364
8018	2.6124
5434	2.1498
7439	2.0297
3940	2.3585
1388	3.2750
1389	3.0446
3393	3.0948
7350	3.1284
2181	3.2750
3959	3.4658
3960	3.3129
5438	2.6998
5439	2.8697
5440	2.5289
3394	1.7846
912	2.4013
5441	3.0948
1392	1.7082
5442	2.3803
3395	1.8069
5672	2.0633
3396	3.1284
1393	1.6023
1704	4.4782
5990	1.3249
3989	3.7570
5444	2.7094
7085	2.8239
5445	2.6548
913	2.9729
3398	3.4429
3644	2.6511
5447	2.3585
2635	2.3146
3399	3.9728
7444	4.1224
7445	2.6185
1394	3.2750
1395	3.5002
5449	2.7125
6647	2.8696
1396	2.9576
5450	2.9894
1397	3.5971
7446	1.6654
2992	2.4013
4992	3.9231
6989	3.3129
5471	1.8900
1398	3.0293
5779	2.0180
6352	2.8742
1399	3.0945
5451	3.9231
1400	2.4642
5452	4.4502
7432	3.0945
5453	2.1279
5454	3.6507
5455	2.2681
2637	3.3511
6761	2.8618
3403	2.0180
2947	2.8363
4679	2.1421
5456	2.3146
5457	2.6485
4133	2.6540
7453	3.1284
7454	2.8811
4067	3.0595
4069	2.0180
7456	1.2405
1401	3.1284
1402	2.0180
3407	3.7794
1403	2.4235
5460	2.6580
4076	2.1168
5340	3.4026
282	2.0163
6034	2.2838
1405	3.2329
5461	1.9259
1406	2.8970
3409	2.7229
3410	1.8563
1407	2.7229
7460	3.0595
569	3.2300
3411	2.4456
9	2.1364
8044	2.9894
4097	2.7094
16	2.9075
3413	3.0948
3202	3.0945
1410	1.9609
7462	3.6006
23	2.2121
5979	2.1343
3315	3.8484
3648	3.1284
4108	2.6511
3416	2.5111
5466	1.6654
7465	2.7726
7466	2.8319
1412	2.2239
5467	2.6198
3417	2.3585
1413	1.9192
1841	2.3585
1414	2.7229
7468	3.6507
7469	3.3516
1442	4.3286
6667	2.7726
7321	1.7082
3421	2.6647
5469	3.0595
5470	2.7229
7508	3.1284
1415	2.3511
7471	2.0180
4319	3.3796
1416	2.7333
62	3.4276
1417	3.0595
3422	2.3195
3297	3.0639
3423	2.7498
3317	2.8811
5472	3.3055
7473	2.2121
1419	2.3026
5473	4.0880
4172	2.9321
7474	2.9894
1113	2.6540
7715	2.7017
7475	3.7879
3425	2.2644
5474	1.5401
3426	2.8688
7728	2.6485
7477	1.3676
3428	2.5819
1421	2.8430
6151	1.6680
4192	3.3417
99	2.7112
4195	2.4013
7479	2.6540
5189	2.0180
5477	3.5743
3431	3.6507
4945	3.0595
1425	3.6507
114	2.1762
7480	3.0595
7481	2.0180
1426	2.5000
3432	2.6540
3433	2.4613
7482	3.4293
5479	2.9453
7483	1.2537
1427	2.1364
3434	1.9177
3435	3.1284
1428	3.3417
5480	3.0442
1429	2.7094
3436	3.3417
7498	2.0180
526	2.0180
3437	2.4456
1430	3.0595
3439	3.5240
5482	2.3040
1431	2.6893
7717	2.6893
1980	2.4786
148	4.4502
1432	3.1284
7487	2.2506
5485	3.4293
359	3.3949
4243	3.1705
3441	2.4013
1434	2.2955
5488	2.4241
919	2.4542
5489	2.4241
2673	2.1764
5490	2.6279
7383	2.4786
1437	2.4013
7489	3.2329
6003	2.7726
1438	3.6355
6927	3.2750
3442	2.4846
7491	2.5000
1032	1.6697
3443	2.3585
8096	3.8636
3245	3.6006
3444	2.8295
1439	3.3417
5493	2.3511
3445	3.0595
568	4.4502
7755	2.3166
3975	3.0945
3446	1.8908
1440	3.6507
6674	2.7017
3447	2.2121
7493	2.4352
2310	3.0945
7798	2.1785
7494	2.4352
3448	3.1284
3449	2.2224
4301	3.7851
81	2.3585
1443	2.0946
6520	3.7851
5495	3.0948
3450	2.0180
1444	1.6108
3452	3.2329
921	3.3129
1445	2.7112
7045	4.0880
7767	2.8295
5497	3.7471
5498	3.4658
7497	1.9892
3453	4.5415
6816	3.2750
5499	2.0719
1447	1.7952
7719	2.3585
1448	1.8487
6248	2.0180
5501	2.8619
223	3.5339
965	2.0336
3455	3.0442
7500	2.2955
7356	2.7229
5260	3.0127
7027	2.9770
7501	2.2121
1449	3.2453
7502	3.1185
3457	2.3040
4352	3.0595
7503	3.1284
7029	3.8636
4874	3.0595
5504	2.4013
1450	3.4026
1451	2.2955
1609	3.1306
5506	1.5525
1705	2.0180
5507	3.1916
1452	3.0595
4371	3.2750
1453	1.4422
6751	1.9959
7507	2.4756
5508	2.7229
6394	2.7229
7549	3.2750
6864	1.6126
1455	1.3407
6574	2.3585
7031	1.6126
3458	2.2644
1456	2.4756
7032	3.0595
7360	2.0180
7509	3.3115
7510	3.2750
1635	2.5558
1458	3.3472
3459	3.5674
2459	2.3511
3460	2.0297
1460	4.0880
3461	2.7726
7512	3.6355
7513	3.0945
6210	2.3307
3462	2.5000
4416	3.1284
5351	4.0348
6483	4.5415
5512	1.6235
3463	2.5627
403	3.7879
1464	3.7851
3464	2.9052
3465	2.3040
3466	1.6656
6719	2.0389
804	2.3585
3467	2.3585
3328	3.1705
3469	4.1224
5514	2.5398
5007	2.6733
6700	3.0442
7361	3.0595
331	2.3585
4445	3.0634
7302	2.5194
337	2.9121
7034	3.0945
3471	2.3057
3472	2.2955
1467	2.0997
3474	2.7229
346	2.4013
3475	2.0946
4460	2.0180
5516	3.0595
5160	1.8069
355	3.0919
1468	3.2950
3476	2.6808
1469	2.8403
2963	2.3307
7519	2.5406
3477	3.4293
5518	2.2121
3478	3.0595
3479	2.5717
3480	2.7112
5520	2.0180
3481	2.5398
4476	2.0180
377	2.5000
2227	4.4502
7521	2.2955
3482	3.8215
4485	2.8713
3484	2.2955
5521	2.7565
3485	2.8510
5522	4.0880
1472	2.2811
5534	1.8199
4498	1.7949
4499	2.4352
7364	3.1705
5523	2.3511
5524	1.9892
4508	3.0595
1225	1.9959
7525	2.0946
5527	2.2955
7526	3.0595
4520	2.5836
7527	2.0199
3487	4.0348
4527	3.0595
1473	2.4786
5528	3.0945
3488	2.9576
4539	3.2329
1474	3.3472
3490	3.1619
1475	3.4026
4542	2.1764
1987	2.8239
7440	3.1284
1476	3.4293
7184	2.8742
7530	3.4123
2416	2.5627
7531	3.7879
3491	2.4352
3492	2.0180
5530	3.1284
5716	3.1284
1478	2.8295
3493	2.0413
3494	2.6485
1479	2.9971
1480	3.3129
3495	3.6020
5536	2.4241
5537	2.1516
1481	2.7642
3496	1.4082
1482	2.7112
1483	2.0180
1484	3.2329
7534	2.6124
4581	2.8811
7536	3.8636
6135	3.2750
4312	2.2542
7537	3.0595
7037	2.8811
6362	1.6654
4596	2.0180
4598	1.5112
490	2.8275
5540	3.7170
3499	3.2329
7609	3.7879
6545	1.6527
3500	2.3057
5542	3.4026
4327	2.0180
7539	3.0595
3502	3.1619
7541	2.4773
7542	2.9294
4318	2.9583
5543	3.2750
929	1.9770
1487	2.1880
7721	2.2641
1488	3.0603
5546	2.8811
311	2.6124
1489	2.2542
3503	2.3931
3504	3.7879
1490	2.7361
3506	1.7989
5547	1.8111
5548	2.8688
5549	3.7879
7158	2.4352
7547	3.2750
7548	1.9266
528	3.1284
1491	2.8295
3508	2.7726
3509	2.5419
7039	2.6400
3259	1.6082
3510	2.1880
1492	2.4235
3512	2.2955
4809	2.2955
5550	3.0945
5551	3.0948
5552	2.3587
5553	1.4584
7966	2.8742
1493	2.0078
5554	3.0595
4669	2.5687
5555	3.0293
1494	3.2329
5980	2.4756
3513	2.3585
2325	3.6507
1495	2.2955
7551	2.4013
1496	3.3949
3514	2.2506
6892	2.7229
1497	2.0180
4688	2.4688
3515	2.7229
5557	3.9802
5558	2.8295
5720	2.8811
574	3.1387
1498	2.1285
1499	2.0180
6915	1.9756
3516	2.5398
4979	1.8621
7558	2.7270
6045	2.8811
1502	1.8066
1503	2.0180
5560	3.0595
1504	2.4013
7561	1.4567
7562	3.0120
5721	2.0260
7801	2.0708
603	4.5924
1505	3.0595
5561	2.9156
7564	3.8636
1506	1.4412
3518	3.7879
1507	2.2955
2646	1.9901
2735	4.2158
7370	2.9075
1510	2.3966
3521	2.5000
3522	4.2605
1511	3.0948
7566	2.3585
626	2.4456
7567	3.2750
4583	2.1132
3523	2.8363
1512	4.5415
1513	4.0880
4740	3.2750
6423	3.7170
5565	2.7333
4257	2.1364
3524	2.4756
5566	3.5743
1454	2.1421
8061	2.2955
1514	2.5000
644	4.8156
5567	2.2699
5568	4.0348
7570	2.5495
7571	4.0880
8062	3.2329
4759	2.9321
5571	2.1782
7572	2.8295
7573	1.8195
3525	4.4782
3526	2.4756
5573	3.4951
3527	3.5674
4766	2.8811
7661	3.6355
7574	3.4026
1516	2.9873
4101	3.3472
1517	2.5398
3528	3.3129
6376	2.0180
5574	3.4026
7042	2.7017
5575	3.7995
1647	3.0595
6922	3.2125
1521	2.0180
1522	4.4782
1523	2.0180
7932	2.9423
5361	2.4277
4104	2.3040
5577	2.5000
1524	4.3365
3530	2.5000
584	2.1033
6587	3.0595
2517	2.0180
3533	5.3888
5579	3.2329
4700	2.7154
3534	2.1132
7580	2.6184
3535	4.0880
4808	3.0948
1527	2.3585
7915	2.4013
710	2.9576
3537	1.8536
7584	2.4013
3501	2.2751
1528	2.6485
6127	2.5334
1829	2.6540
7587	1.8466
5582	2.2412
4822	4.0880
1529	2.0180
5515	2.2955
734	1.8590
1530	2.3585
7243	2.3663
5584	2.0946
6686	3.1185
7098	2.5398
2602	2.7229
7414	2.9362
3541	2.2955
7589	3.8256
5586	2.8811
5587	2.0180
3543	3.6355
1531	3.2771
3544	3.0948
4860	2.2821
1532	2.7788
4861	2.5000
3545	2.2955
1533	3.0948
7590	3.8636
1535	3.2300
7591	2.0180
3546	3.0595
5590	2.0889
3547	2.7229
6253	2.5368
1536	2.0180
7592	2.2521
6458	2.0180
4883	3.0945
1537	2.9576
4886	2.5398
7593	2.3672
1538	2.6109
7595	1.6023
7596	3.1284
5591	3.0595
802	2.6485
805	3.0948
4893	3.8636
808	4.0061
933	2.3511
5592	2.1432
7980	3.0595
3550	3.0603
1998	2.2955
3551	3.1705
3552	3.0945
1540	3.0945
3553	2.2542
1541	3.5554
5364	2.6540
7600	2.0430
1542	3.1284
5593	4.0061
1543	2.0634
4842	2.9873
934	3.4873
3555	2.7017
3340	1.8853
3556	1.6126
1544	2.1364
3557	2.0180
832	2.4999
4764	2.1498
7601	2.6124
5016	3.2329
3558	2.3026
5598	2.1915
5700	2.3511
7602	2.5819
5599	2.3585
5600	1.9460
5601	3.0442
843	3.8484
844	2.1777
6557	3.6507
846	3.2750
6812	2.4756
1545	4.3286
1546	2.4773
1547	3.0595
7604	3.3417
1548	3.1284
3559	3.2329
855	1.7835
5604	2.6561
3560	2.7926
1549	2.1811
3561	2.0180
5607	3.7879
7752	2.0180
1550	3.1619
3563	2.7454
4955	2.3704
1552	2.4846
1553	3.0163
3564	2.2955
7608	3.6355
2983	1.8590
3565	2.5398
3566	1.6654
5611	3.4658
239	1.9456
5613	2.7229
1555	3.1284
3567	3.6507
7610	2.6540
1556	3.4026
1558	3.3417
4976	1.9112
1560	1.8477
5616	2.3663
5610	3.0595
907	2.6580
3569	2.2542
910	2.6540
3570	2.2004
1561	2.0889
7613	1.8756
914	2.7650
7963	2.7229
3572	3.2329
1462	3.7851
1562	2.2492
1563	1.9531
4336	1.5925
233	1.6579
7618	1.9460
5624	3.4429
7620	2.2955
5625	2.8429
7621	2.6387
6988	2.5289
5017	4.0061
5018	2.6279
938	2.0180
5628	1.5768
7622	3.3949
4493	1.9959
3427	2.0180
5026	3.6294
7971	1.9601
5629	2.2123
5630	4.5415
3575	3.1705
365	2.7094
7627	3.1619
7628	2.2955
1564	2.0430
1565	2.2472
609	2.8275
5631	2.0180
5632	2.1880
3576	3.3949
7461	2.4352
1566	3.0375
1567	2.7112
5634	2.8900
6736	3.1284
6691	2.4456
3577	2.5173
7635	3.0945
7636	2.8811
1568	1.6654
5636	2.6485
5637	1.8069
3578	2.0401
1569	2.0243
1570	4.0880
1571	2.2121
1572	1.8069
5638	3.0661
5639	2.2955
8075	2.4013
6283	1.9133
3580	2.7734
1573	3.5743
1574	3.2061
5640	3.0595
7550	1.7949
5642	2.2955
7639	1.2985
1575	3.0595
1009	2.4599
3583	2.7094
5643	4.0061
6056	3.7879
1576	2.0180
5143	3.0945
5644	2.9506
2988	1.6126
5645	2.6580
5646	2.7229
3584	4.1400
5103	3.0945
4154	3.0595
1577	2.7229
1578	3.0945
1579	3.5366
5109	3.2750
1580	3.0945
1581	3.0595
7648	2.4352
1582	1.6082
5649	3.7851
5650	3.4582
5651	2.6511
1052	2.1476
7650	2.8295
3589	2.5000
3591	2.8295
6934	2.7112
7651	3.3949
1584	2.6890
1585	2.7459
3592	2.2004
5653	2.0297
5654	3.2750
5655	3.7879
1073	2.5397
1075	3.8592
2657	2.9362
7734	2.9423
1586	2.2121
1083	2.0946
7379	1.7421
5657	3.0945
736	4.3365
6370	2.2121
5659	3.1552
1095	2.7229
5661	2.6198
7655	1.9966
5156	2.4013
7657	2.8828
3594	2.1223
1587	3.0927
1588	3.7879
5171	3.6507
5664	3.0945
5665	2.3595
7658	1.9959
3596	3.0945
5666	2.3307
5667	2.6893
1132	1.6579
1589	2.1788
1590	3.3129
5668	3.1284
5669	3.6355
3597	3.0442
5670	3.0945
5671	3.0595
3598	2.8763
7660	2.4352
3599	2.6124
3600	2.6124
7662	3.2750
1591	2.4013
8125	3.2750
1592	2.9971
3601	2.5398
5673	2.4688
5674	3.0945
3288	1.6654
5675	3.2453
3602	3.0639
1158	2.0180
1594	2.0297
3638	2.3585
7381	2.7229
3612	2.6808
1595	2.2069
3605	3.6507
1166	2.0180
1596	3.6355
3606	1.9177
3607	2.8811
7664	2.2955
3608	3.2750
3609	1.4567
1180	2.9362
7150	4.0880
594	2.2955
1598	2.5213
3610	1.5338
5676	2.3040
7421	2.1354
6058	2.2955
1190	2.0180
1600	2.9894
1601	2.0180
3611	3.0506
6059	2.1880
1602	1.7825
3613	2.4688
5677	3.3949
7669	2.0180
1603	1.6579
7670	2.9576
5256	2.0180
3615	2.0180
1207	3.0758
7673	2.6711
3616	3.0945
5678	3.3949
1212	3.1705
4590	3.8636
7712	2.6124
5679	2.4252
7674	3.5674
7533	2.5398
3617	2.0163
5680	3.2750
4346	3.8649
7822	2.7229
5681	3.0595
5277	2.9706
986	2.3585
3618	3.1284
8016	4.4782
6757	3.1284
5283	2.5819
1239	3.0948
2017	3.0595
1604	2.7650
5797	2.3585
3620	1.8900
2672	1.7952
1605	3.5674
5684	2.2069
7680	2.4352
3622	2.5634
4515	3.0945
1606	3.7879
2869	4.8156
3623	3.3417
1263	2.5000
3624	2.0946
7682	2.0180
7683	2.2486
7684	1.8900
5688	2.5000
2018	2.5398
7685	2.6540
5689	4.0447
1607	2.8363
5690	4.3365
1283	2.7361
1285	2.0223
7686	1.7989
5329	2.2530
3626	1.8900
5692	4.1361
5693	3.7879
7687	2.5323
7688	2.8811
3628	2.2962
4292	2.6864
7689	1.6654
5694	2.4456
4450	1.6656
1305	1.8466
5697	3.0603
5356	2.4352
7690	3.2750
7952	2.3585
3630	2.2955
7692	2.4880
2020	2.9576
5362	2.5000
5699	3.3417
7695	3.4658
3631	2.7017
3632	4.3365
1333	1.8417
1612	2.5368
1613	3.2750
4355	1.8900
1614	2.6124
7653	2.1901
3634	3.2750
3635	3.7570
5384	2.3585
5529	4.0061
6377	2.6893
5701	1.9456
7697	2.3057
7441	2.8068
1349	1.7846
7698	3.3055
7298	3.0106
7699	3.5971
3636	2.6124
7740	3.3129
5703	2.3672
1616	1.8900
7701	2.5819
3637	3.2844
1617	3.3040
6395	2.6511
1367	2.2121
3144	1.8756
7704	2.4352
944	2.4446
7705	2.3585
1374	2.6893
5060	2.7229
7384	1.9959
6365	2.6198
7706	2.9909
8017	2.0180
7065	2.8811
1621	2.4013
5428	3.0442
1622	2.0180
1623	2.4254
7741	3.6006
3641	3.4431
3642	3.1284
1624	4.0447
1625	2.9894
3643	2.5531
5705	1.6126
7367	2.0180
5706	1.3284
1391	2.2955
5443	3.3259
7398	3.4026
5707	4.0880
5446	1.6126
5708	4.4502
1626	2.3585
3645	3.6507
752	2.7229
3646	4.4502
3647	2.5836
5462	4.3365
1627	3.0595
7713	2.2955
1411	2.2955
5737	2.3585
1629	3.6355
3649	2.0180
5711	2.7229
1630	2.2656
946	2.2955
3650	2.3057
1631	2.6540
7327	3.3129
5712	3.8636
7694	1.8756
7237	2.6239
1436	2.3585
1632	4.5415
7718	2.2955
1633	2.2004
5713	2.1424
1446	3.6507
5500	1.4724
3654	3.0595
5503	2.5687
5505	2.2492
5714	2.6893
1634	2.2069
2177	3.5674
3655	1.6654
5382	2.7634
5739	1.7048
1636	2.5000
1637	3.3949
6379	3.9719
1638	2.1364
5517	2.9742
1676	2.1354
7720	2.6184
5526	4.0880
1640	3.1387
5819	2.6893
7386	4.4782
5532	2.8811
7631	4.4782
6250	2.8811
5717	2.5819
8086	3.3129
1641	3.1284
1642	2.0163
5545	4.4782
5321	4.4502
927	3.6355
1643	2.2955
1644	2.0413
7745	2.0180
1645	2.2955
6330	2.2644
1646	2.6198
3657	2.8811
8032	3.5240
5722	2.0297
7196	2.0708
7724	2.3585
1520	1.7082
1525	2.1782
7725	2.4220
3658	3.7170
3659	2.5940
1649	3.2329
1650	3.5002
1679	3.4026
1652	2.3966
5723	3.0595
1653	3.2329
1654	2.6268
7727	2.3634
7391	1.9520
2354	3.2061
2834	2.6890
5332	3.0595
1655	2.3585
2184	2.5334
5606	4.4502
7729	3.3417
1833	3.0595
3660	2.6540
1656	2.8275
7730	2.7192
1657	2.7229
5621	2.4013
5726	4.1905
5727	2.4177
3661	1.9227
5728	3.0948
3662	2.8295
1658	2.3910
3663	2.8811
1659	2.8499
8030	3.0945
7160	3.7879
5167	2.8295
7732	2.6064
3664	2.6317
7733	3.1284
5656	2.5398
1661	2.0180
3665	2.0180
1662	2.7726
3666	2.7726
5729	3.1284
1663	2.5000
1593	3.7170
1665	2.6890
1666	3.1717
3667	2.5398
875	3.3094
1667	2.0180
7735	2.0180
7736	2.1880
7737	4.1224
1668	2.7718
5730	1.9959
1669	2.7229
5731	2.8811
5732	2.4688
3668	4.2605
1671	2.8275
5733	4.0061
1672	2.7361
5734	2.6124
5735	2.0078
3669	2.8811
5736	3.2750
5942	1.7931
1628	3.5674
2030	5.3888
1673	4.5415
7742	1.4584
7748	2.7229
7743	2.0180
5738	2.0180
1674	1.6654
1675	3.1387
1639	3.2750
7744	2.0180
7190	2.7094
1938	2.8309
3671	3.6405
1677	3.0595
5316	3.0595
7746	2.1700
1678	4.8156
1651	3.0898
5724	4.3365
7747	3.6507
3672	2.4016
1680	2.8295
3627	2.5521
3673	2.2962
5468	3.0595
1670	2.8175
1681	2.7229
5742	3.7879
1682	2.8275
7749	4.5415
1683	3.6942
3674	3.7879
3175	3.5240
8090	2.2130
1684	2.7726
3676	4.0348
1685	3.0595
1686	2.5000
7751	2.4756
3677	2.1343
1688	2.1343
1689	2.8011
5745	2.3856
5746	3.2453
3359	1.8756
1690	3.6507
7753	2.1782
5035	2.3166
7754	2.4456
5764	1.9959
5749	1.6503
7145	2.3511
5750	2.0180
1692	3.0904
4357	2.4013
2704	2.3585
7115	3.7879
3679	2.0180
1693	3.5619
3680	3.6942
7759	1.6023
7760	2.7229
5751	2.2632
2032	2.2750
4563	2.2542
7761	1.9266
3681	2.4456
5744	3.7851
1694	3.1284
6997	2.5289
1695	2.5398
7763	2.7094
7764	3.0595
7395	3.1284
3682	3.7879
3683	1.9404
5753	3.1284
5190	2.3585
1696	3.7851
1697	2.8742
3685	3.7829
5755	1.9192
1687	2.8811
3686	2.9362
3687	2.2492
4434	2.7112
3688	2.3511
3689	3.5674
6226	2.5398
5820	3.1284
6783	2.0163
3690	2.8811
3691	1.9192
1699	3.1387
8150	2.4013
2375	3.2300
5758	2.4352
2669	3.2061
1700	3.0595
7771	3.5743
1701	2.1279
1702	3.0595
3693	3.0595
7772	2.7498
133	3.3949
5476	1.7735
8091	2.0180
6014	4.4782
4502	2.7650
1809	4.0880
5760	2.7342
960	2.6399
5761	1.6369
1703	2.0180
7756	2.8811
5762	2.7726
3070	2.6511
5748	3.2771
5763	2.8742
2599	3.7879
7774	2.6198
3694	3.0595
3008	4.4502
7775	2.0731
3695	1.8466
1706	3.2329
7637	3.8484
7777	3.1619
7778	2.2121
1843	2.2542
5901	2.5130
7779	2.8811
8132	4.1224
5765	2.0180
3698	2.4786
4726	2.0128
1707	2.4688
5767	2.6511
4036	3.0595
3699	2.4013
3700	2.3663
6249	1.8069
7783	4.4782
2233	2.1364
3799	3.5971
7784	3.0603
5769	2.5000
1870	2.6540
3702	4.5415
7829	2.8742
1709	3.0098
618	1.4867
1710	1.8069
5770	1.6654
5578	2.7650
1993	2.6511
1880	2.0180
5771	2.4786
6860	2.3585
3705	3.6355
1885	1.9959
5608	2.8295
1711	1.6579
7787	3.3417
5954	2.3585
5774	2.0633
1712	2.7112
1713	2.4756
3707	5.3888
3708	3.1284
6384	3.1284
1715	2.3299
3970	3.7879
1716	2.0180
3710	2.0180
3939	3.6433
3711	2.6198
3712	2.4013
6389	2.7229
3713	2.6279
6078	2.1589
1718	2.2542
7789	2.0180
1719	3.7879
6712	2.7229
4364	4.2605
1720	3.6355
3715	1.7825
3716	2.6198
5777	2.4241
3717	2.7533
7791	2.7378
1721	3.0659
5778	2.3663
1722	3.0595
5752	2.2143
7792	2.6511
7793	2.0946
1723	2.8408
1943	2.1764
1724	3.5339
1725	2.6198
6009	2.9572
3719	2.5819
1955	2.8078
1726	1.8007
1727	4.3592
7796	3.7515
5781	1.7914
7797	2.1880
1728	2.1343
1729	2.6890
7799	2.6597
7800	3.0595
6499	2.7094
5782	3.1284
1730	3.3055
3721	3.0945
1977	2.7726
3723	2.8828
7803	2.1579
5783	2.9386
3724	2.4756
5999	4.0935
1731	2.0078
1732	2.6124
5395	1.7952
5784	3.0163
7807	4.2605
2038	4.4782
1999	2.2955
1733	3.1619
1261	2.0180
3725	1.4101
7765	2.2955
5786	2.0180
7812	1.6283
5787	2.2962
1734	3.7497
1735	3.6507
2022	2.5398
3718	3.1387
6252	2.3892
1736	2.4773
3198	2.8363
2029	3.2061
7129	3.0595
1738	2.0180
74	2.8295
5788	1.4702
3728	3.2329
5789	3.0595
6742	2.0180
2037	2.4786
5791	2.1880
5792	2.4235
3729	2.9576
7816	2.7726
3730	3.7851
3731	2.9767
7817	3.2750
2049	4.0025
6725	3.2061
5793	3.1284
1741	3.7879
905	4.4782
3734	2.5308
4790	2.6893
3735	3.7879
5795	4.4782
1743	1.6777
5796	2.2955
3736	2.8811
1745	2.4352
7819	2.4013
6726	2.9905
7954	2.3443
6112	2.8295
3737	3.2329
5798	2.7229
3738	1.5660
2076	2.4529
2080	2.0446
7823	3.2750
3739	2.3585
1748	2.4688
2090	2.5244
212	3.1552
118	2.4773
5311	2.8811
5801	2.9894
7097	2.6540
3740	2.0946
5802	2.5398
1750	2.2818
3741	4.8780
3742	2.9576
3743	3.3949
6634	4.4782
1751	1.6669
7403	1.8069
5803	3.0595
1752	2.4013
1753	3.2329
5805	2.3585
1754	2.7726
5903	4.8156
5806	2.0180
7828	1.8251
766	1.7119
7934	3.5628
7522	3.1284
7830	1.2622
3744	2.4013
7832	2.3511
3745	4.4782
7262	2.4016
5807	2.8408
7289	3.0945
5808	2.4456
1756	2.7229
4030	3.5240
2133	2.9873
5809	2.8811
5810	2.0180
1757	3.3949
7836	2.0180
7837	1.4983
1698	4.2019
3749	1.9579
3750	3.0595
6786	1.5822
3751	3.0595
3752	3.1880
1758	3.0595
5813	3.2329
5814	2.0180
3754	4.5415
2043	2.7726
3756	2.4352
1925	2.8828
5815	1.8420
1759	3.7879
5662	2.0180
3758	2.1343
7840	1.8477
5756	4.4502
3760	2.7650
3761	3.3417
2173	2.5398
1760	4.4502
1761	2.1764
4373	2.0339
1762	2.3980
7844	2.4016
5817	2.8295
7845	2.4773
7846	2.6890
2044	4.5415
7847	3.7879
6398	3.6507
1765	3.0595
4256	2.1782
1766	1.3787
3706	2.0180
1767	3.7879
1768	3.0442
1769	2.7919
5818	2.7229
7851	2.5000
6160	3.3417
2199	2.1279
3764	2.7094
5821	2.2250
3765	2.5368
3766	3.2329
3767	4.1224
3768	3.2750
7853	3.1705
7681	2.2955
5823	2.5836
5824	2.3177
7854	1.8475
4374	1.9609
6263	2.0787
2047	2.8811
1363	4.0025
7769	3.6507
3020	1.9959
5827	2.5000
6269	2.0180
3772	2.5687
2224	2.3040
1771	1.9795
3773	3.7794
7856	3.4026
3774	3.0898
7857	2.8811
3775	3.0862
6883	2.4582
5121	1.4831
1772	2.0221
7974	2.7229
1773	3.5674
3777	4.0025
6286	3.8484
7842	2.6198
1774	2.2069
1775	2.7726
3778	2.7112
6291	4.0880
3779	3.7879
1776	1.8069
5831	1.8887
977	3.8178
3780	4.1224
5484	2.7229
5832	2.5687
7860	2.4642
7861	1.9648
7969	4.1224
1777	2.2955
4099	3.0595
5833	2.7094
3782	2.1138
5834	2.0832
6935	3.0595
5835	1.8477
5829	3.1588
7863	2.4013
1779	4.5415
7864	4.4502
7865	3.6355
3783	3.6507
2283	2.8811
7867	4.1224
2286	3.2750
2290	3.2329
8102	2.1421
5837	3.0595
1852	2.2336
3784	2.0221
5838	2.9609
3785	3.2750
5780	2.5941
962	2.3585
7722	2.5334
1781	3.0506
2324	3.0595
7951	2.0180
1782	2.9850
1783	2.0180
7871	2.4241
3786	2.0648
1784	3.5759
7672	4.3365
1785	1.8069
7872	3.4293
7873	3.5674
2444	2.1756
1787	2.8918
3787	3.1284
1789	2.0180
6071	3.3824
3788	2.7229
7409	2.2955
7875	2.9894
1790	2.3356
6139	1.7846
2383	1.3779
5843	2.1343
7876	2.2333
1791	2.2864
2355	1.5925
5845	3.0661
5846	3.4658
5847	1.7224
7016	3.4293
3789	4.0447
2969	2.5000
5848	3.3442
5849	2.9453
5411	2.7094
5850	3.7570
1792	2.6472
3791	2.5495
3792	2.3585
5851	2.6773
5852	2.8811
1793	2.0180
7877	2.4235
5853	3.3528
3794	4.3365
1794	2.8071
7143	2.0180
1795	4.5415
3795	3.7879
7878	3.7879
3796	3.0948
5856	2.8742
5857	2.6687
3798	3.2329
980	4.3048
1461	2.4786
1796	2.5934
1797	3.1652
7879	3.0238
7880	2.4013
7881	3.7879
1798	1.8900
7882	3.7879
3548	3.4026
3800	2.7726
6440	2.4013
7883	4.6957
3801	2.4254
3802	3.1048
5858	3.7570
1802	2.3663
2425	4.0348
3805	2.0180
1804	1.9253
7884	4.5415
1805	1.9404
1806	3.5971
7886	2.3827
3343	2.8295
7887	3.1705
1808	3.4026
3806	2.4756
3807	2.7112
7888	3.2061
6402	1.7949
3808	4.3365
5412	1.8900
7889	2.5043
7890	2.8363
3809	3.0595
2053	3.3129
1811	2.5000
3810	2.0180
1812	2.2955
7891	2.2486
5413	2.9400
2487	2.1811
3813	3.0238
6475	2.3585
4348	2.4013
1813	1.8069
5860	2.9742
5861	2.0180
7892	3.4658
5862	3.2329
7965	1.6126
3815	2.5521
1814	2.2004
6931	4.0348
5864	2.4352
5865	3.3442
1815	3.8484
3816	2.7229
6524	2.3177
5867	2.8295
5868	2.6891
5869	3.3478
2166	2.5000
5870	2.3585
2495	3.2750
1817	2.7094
1258	2.4016
5871	2.1132
2055	2.2108
5873	4.4502
6403	2.5000
3818	3.0595
541	2.5334
1818	3.1284
4381	2.1343
7896	2.7333
3820	2.0297
7091	3.1284
7412	2.9971
1819	3.0163
5875	2.0297
3821	1.7646
7898	3.0945
7899	3.0595
347	2.2121
5876	1.2792
5877	4.5415
7373	2.2902
983	3.0442
6517	4.0880
6265	2.8407
1821	2.9075
3822	2.4013
3823	3.0098
1822	3.3115
3824	2.5334
6404	3.4293
1823	2.4688
7901	3.0442
6541	1.8069
7614	2.3585
3656	2.5836
7902	2.6124
3825	2.2955
7598	3.2750
6565	2.2644
1373	3.0948
3827	3.6507
3379	2.3672
5880	4.2187
5881	2.3057
6405	3.0945
7903	3.0595
1826	2.5495
7904	2.8295
5882	3.0595
2548	1.8014
1827	3.2750
1828	3.6507
2407	2.2978
3828	1.9892
3829	2.2294
3830	3.0595
3831	2.5487
2565	1.8655
5743	2.4849
985	2.0449
7517	2.1364
1832	2.7229
5885	4.0025
5886	3.6355
854	2.1880
5596	2.7726
7094	2.7112
3834	3.0595
7907	2.8811
7908	3.1284
7325	2.5819
1834	2.8309
5889	3.5674
7909	2.4352
5890	3.0595
8114	1.9959
2596	2.1880
3835	2.1079
5891	2.0180
3587	2.7922
7912	3.6294
7913	2.9362
1835	1.8069
7914	3.5743
5892	4.0061
2607	1.6654
3836	2.3585
4746	1.9802
1836	3.4658
3031	3.0595
3290	3.0595
5893	1.6509
1837	2.0180
7183	3.0948
1838	2.2955
5894	3.0595
7708	2.3910
4042	3.4026
6744	2.7094
6651	2.2750
572	2.8811
8007	3.6825
7917	2.0180
7918	2.9423
6663	2.1432
5896	2.7017
3837	3.6355
6407	2.7726
3838	2.8696
5897	2.4688
3839	3.7170
6677	2.0180
7920	2.3187
1842	2.8811
3840	2.2955
7067	2.4352
7556	2.3511
5898	2.3585
7922	3.0595
5899	2.5000
1844	2.0446
1845	2.6124
1846	2.0180
6638	3.0634
3843	1.6235
3844	2.6198
1847	2.0180
3845	2.7192
4387	2.4254
3846	3.2379
6702	2.7230
3847	1.6031
7924	2.3585
6098	1.4850
949	3.3094
5904	3.1387
204	2.5000
2102	2.7094
7927	2.1106
5905	2.5819
7820	2.2492
6724	2.9362
638	1.6276
1853	3.3129
5906	2.3585
5907	2.2955
2694	2.7229
1855	2.0297
1856	2.6198
7930	3.6294
1857	3.1619
5908	3.4026
7931	2.3187
4388	2.7361
1858	2.2955
2695	1.9531
1860	2.2955
7419	3.0238
1861	3.2750
7933	4.8156
5909	3.3129
5910	2.0078
6754	3.1387
3853	4.1224
5911	2.7270
7935	2.6187
7780	3.4658
7936	3.6355
2715	3.8636
413	3.0595
6602	3.0595
6767	4.0880
1862	2.4013
5913	1.3369
7937	1.1248
5914	4.1224
2727	2.5398
7057	4.5415
6785	1.9648
3854	3.3949
6413	2.4756
6794	1.9648
7939	3.0442
5915	2.4235
6809	3.0948
8116	2.0163
3856	2.8811
7781	2.0180
3857	2.2955
4778	2.0180
6414	2.3585
1863	3.2329
5917	4.3365
2757	4.4782
4973	4.3365
6805	1.3366
7942	3.7879
3858	2.0676
3859	2.0795
5919	2.7229
5920	2.4016
7102	2.4828
3860	1.6732
3861	2.9612
6820	3.0595
5922	2.2431
1866	4.2605
3862	3.2771
7944	2.7094
6415	2.4756
5768	2.9321
1867	2.0413
3863	2.2955
7946	2.5447
641	2.7726
2781	3.0595
2783	2.1364
5924	2.4013
2569	3.2300
4392	3.6507
2789	2.6124
1868	3.2771
3865	2.7498
3866	3.6355
7785	1.9122
6845	3.3129
7786	2.1343
3868	3.7879
6104	2.8295
49	2.7229
3108	2.5398
3870	2.8811
2806	2.0180
7950	3.2329
5926	3.8636
1708	2.6279
1871	3.0595
2811	2.9576
1267	2.3057
3872	3.3949
1864	2.1364
1874	2.7726
7953	2.3663
1875	2.1648
6876	2.9121
292	4.3286
2603	3.8636
3038	2.6184
7425	2.2130
5930	3.8868
7955	3.0948
4439	3.2750
2828	3.3949
1876	3.3129
1877	2.7017
1878	2.6890
2832	2.0180
5933	3.6507
5934	1.7846
6011	2.0401
4054	1.3231
7426	4.4782
7958	2.0702
3385	2.2955
8046	4.2560
3874	2.1880
5935	3.2329
7427	2.7112
6910	3.0595
3876	2.5819
3877	2.0946
5936	3.0595
7961	3.4952
2851	3.7864
5937	1.5308
1881	1.4850
5357	3.0078
3878	2.4352
3879	2.2121
1882	3.0948
3880	2.7229
106	2.0078
3881	2.9502
5939	4.2605
5940	3.1284
3882	2.5000
1883	2.8363
643	4.6957
3883	1.5837
994	1.6108
6945	4.1224
7351	2.8811
1886	1.7949
1887	3.0945
1888	2.0401
7964	2.0180
6750	2.5398
5122	3.0353
7869	2.8811
1889	2.1498
5945	1.6654
1890	1.7309
7967	3.0595
5946	2.1354
4660	4.0880
5947	2.4688
1891	3.1284
7676	3.0595
2279	2.6124
1893	3.1705
3884	2.7094
995	3.1619
5741	2.0180
3885	1.9002
3886	3.0919
2837	3.2750
7972	3.1284
1895	2.9909
3888	3.0595
2908	2.2955
3531	2.2955
5951	3.7570
3889	2.2955
1865	2.9909
5953	1.9531
7975	4.0880
5519	3.0595
7976	2.1132
3042	3.0595
4206	3.8636
659	0.8366
5955	2.1703
2924	2.2644
7977	2.2955
1898	2.1897
1899	1.8466
4637	2.0180
4754	2.3511
3890	2.8295
1900	1.8466
4102	2.4013
3103	2.7650
3891	3.2379
7811	3.1619
5957	4.2425
1901	2.5368
6418	3.1552
1902	2.6485
4756	3.6507
3892	4.8156
3893	2.4016
1903	2.2955
6849	3.3129
2397	2.6893
1904	3.4892
5776	1.9802
5961	2.9075
3405	3.5002
7981	3.2750
2976	4.0880
7047	3.9728
1906	2.3213
5963	2.4352
1907	2.5398
3897	2.7229
5964	2.0086
4145	2.7017
5965	1.9531
8005	2.1364
5966	3.4582
5429	2.5514
3709	2.2004
7982	2.3663
3841	2.8295
35	1.3892
3899	2.4863
3900	2.1168
7983	2.0180
1910	2.6279
7081	3.0595
5968	3.1284
7984	2.5398
1911	2.6511
7985	3.0238
1912	2.9742
3901	1.8069
5970	2.2431
3902	4.1217
2400	2.1364
1913	2.9053
7989	4.0025
999	3.0595
8025	1.8069
6781	2.0180
3034	2.0180
7104	3.0595
2401	1.8359
4757	3.1284
1916	3.0442
1917	3.2750
3044	3.2329
5430	2.5641
648	3.7570
6239	3.0948
1905	1.8069
5975	3.2329
5180	2.6109
3906	4.0880
1919	3.1284
7993	3.1717
6420	2.6185
7994	2.0702
5976	4.6957
3907	2.6540
7995	2.9417
3908	2.4352
5977	2.6121
5978	2.0723
7125	2.3585
4038	1.6654
7009	3.6507
5981	2.5819
4657	3.5272
1921	4.4674
6756	2.2143
1922	2.6124
3909	2.4013
3910	2.0295
1923	3.1387
7996	3.3417
4597	2.1354
7109	4.1224
3911	3.1149
7997	3.5284
1924	2.6893
5983	2.1279
5984	2.2004
2730	4.6957
3714	1.9112
5985	5.3888
1618	1.8985
5987	2.2955
3096	2.7650
7790	3.6355
8135	2.2121
7667	3.1390
5988	2.2121
1927	2.2955
7999	2.8811
5757	3.2750
4546	2.6124
3912	2.2530
5989	2.1343
3913	2.2962
4401	2.5000
3914	3.3516
5556	3.0948
1928	2.2955
8000	2.3892
8001	2.0664
7998	3.1185
3127	2.5000
8003	2.5587
8004	2.3057
3131	2.5266
3915	2.3511
3916	1.9192
3917	2.3585
3918	2.3511
3919	2.9576
3143	4.2605
1932	2.7229
3920	2.2955
7049	2.6198
3921	2.8811
3922	3.2750
3923	3.1552
4403	1.6654
3926	3.3949
5994	2.7094
1030	4.4782
3927	3.2750
6984	3.3417
3165	4.1361
3166	3.3949
5436	3.0782
1935	3.3824
3172	2.9075
3928	3.6337
6960	2.7094
8063	1.6281
3929	2.8742
1936	3.7879
5998	2.4352
8012	2.5398
7110	2.7580
8013	2.5000
1937	2.7726
3187	1.9177
6000	2.2521
6001	1.8069
3931	2.9176
6002	2.5398
6760	3.0178
7260	3.6355
3183	1.8756
1940	2.2955
8014	2.0180
3932	2.7017
1941	2.7229
3933	2.7726
3209	3.0595
3935	4.3286
3218	2.0180
3936	2.3040
6006	1.6978
7529	3.2379
1944	2.4533
1945	3.0595
1946	1.5967
3937	4.3365
3938	2.5819
8015	3.3472
3639	2.6184
7112	4.3365
6382	2.4013
5531	2.2121
4459	4.8156
6673	3.2750
7294	3.3129
3244	3.2329
1949	2.7726
6010	2.4235
1951	2.8770
896	3.0595
1952	4.0374
1953	2.5398
1954	2.4756
7411	2.7094
8019	2.6124
8020	2.4756
6012	2.5043
3720	3.1353
7490	2.3585
1957	2.7650
6013	2.3966
7390	2.8742
6428	2.4641
3941	2.0297
2113	3.1284
3282	3.4582
8084	4.5415
6111	2.9121
3289	3.1284
3943	3.2329
3291	2.0633
7795	2.2069
1960	2.4352
8023	3.0595
7339	2.1314
5544	2.9362
3944	3.1284
3945	4.5415
7345	3.5674
6017	3.2750
6018	2.2955
6019	2.3166
8028	2.6893
3946	4.0010
6020	2.8811
8029	2.3585
4440	2.6124
1963	2.8811
4762	2.0180
3336	2.3672
6022	4.4502
3948	2.8811
3949	1.7421
3950	3.8484
8087	3.2329
6592	2.7229
6023	1.8255
3951	1.9959
3952	3.6433
168	2.7498
1965	3.0595
3350	2.3585
7385	2.5130
3354	3.0945
1967	2.5495
3697	2.6511
3358	1.9648
6024	2.4756
3954	2.1764
3956	2.8811
8033	1.8069
3958	2.8811
8034	2.2955
8035	2.1436
7407	1.5683
6025	3.0948
8036	4.3448
6026	3.7879
6027	2.0180
1968	2.5398
8133	2.5000
4911	2.1762
1969	3.7497
845	2.7229
3382	2.3213
6028	2.7650
3961	2.8811
7117	2.2044
7711	2.3585
6030	2.7642
1971	3.0442
7866	2.8275
3962	3.1284
8039	2.3585
3963	4.2605
1973	2.5398
1974	3.4026
8040	3.2975
6031	3.0595
3964	4.0061
6032	2.9362
3965	2.7229
6933	2.3596
8041	2.5000
6033	2.8408
429	3.4658
3966	3.0595
3967	2.7726
3968	2.8996
8043	2.1478
3722	2.4013
3408	3.5361
3054	2.0180
3969	2.5819
6035	3.0948
8045	2.1079
1979	2.5419
8080	3.3949
3971	1.7989
3972	2.7726
7858	2.0180
6037	3.2750
306	3.1399
7463	3.8551
3973	2.0180
3974	2.5000
7641	2.3587
6038	3.0595
1981	2.7843
7354	4.3365
7979	2.6584
1982	2.2521
1983	3.0948
6039	2.1782
7495	2.7229
3454	3.7879
6040	1.7931
3976	2.9473
3977	3.0595
8048	1.8067
3978	2.2431
8049	3.0945
6041	2.0180
6042	1.4850
6118	1.8466
8052	2.5349
8053	2.8619
8054	3.2329
3979	3.1552
5006	2.4013
3981	4.0061
7119	2.6485
1984	2.6279
6728	3.2154
3549	2.7229
1985	2.4756
6238	3.0595
1986	2.2407
3397	2.3585
7805	2.9075
8057	3.0948
3982	3.0442
3983	2.6124
8143	2.3057
3984	2.0708
3985	3.2750
6319	3.4026
1988	2.8811
1989	3.7879
8144	3.6006
3507	3.8484
3986	4.1224
6433	2.5368
2709	2.3663
7766	2.0180
3517	3.7879
1990	3.7879
1991	3.2750
3987	2.6893
8059	2.0180
676	3.2750
8060	2.2420
3258	1.4014
3988	4.0348
6046	1.9648
8064	2.8275
3990	2.4013
7457	2.5000
3532	2.0946
6313	2.6893
3536	3.1284
8145	2.5368
3991	3.1284
1994	2.0180
1995	2.6511
1996	3.2750
6435	3.7879
4417	4.0880
8066	2.4352
3992	1.7082
8067	1.4948
3993	2.6387
7810	2.5398
3994	4.1224
2000	2.8965
3995	2.4196
8070	3.1705
8071	3.0898
2001	3.2750
6048	2.4849
6049	2.0180
5785	2.0180
6050	3.7879
6051	3.0595
2002	2.7112
6052	1.8900
1365	2.0633
6053	3.0595
8073	2.5000
3811	1.6777
3996	3.8636
2004	2.7112
3574	2.7229
2005	2.1343
2006	2.0180
3997	3.2061
6055	3.2750
8074	2.0180
2007	2.0708
7638	2.5836
3582	2.7726
5355	2.5441
8076	2.6162
7515	2.8295
3590	2.7229
7758	2.0915
6057	2.8811
2008	3.2329
5887	3.2418
5928	2.4688
8078	2.4756
6439	2.9321
7335	3.6507
2009	3.2750
7087	2.0180
2010	3.0742
2011	2.3057
3999	2.9453
3604	2.1765
2414	2.1371
4000	2.6540
2013	2.1782
2014	4.4782
4002	2.0180
2015	3.1705
4003	2.0708
2016	3.3472
4004	3.0945
8081	2.4756
4005	2.0180
3625	3.8636
4006	1.9133
4007	3.0595
2019	4.5415
4008	3.7879
801	2.8742
2021	2.9473
4009	1.5126
6539	3.1284
1660	3.2061
2023	2.9453
4996	2.8811
6061	2.5398
6062	2.3301
4010	2.6540
2024	3.5674
3726	2.6198
2083	3.4429
4999	2.8811
6064	2.6893
2127	3.9728
590	3.1705
8085	1.7900
4013	2.5109
2027	2.9453
2028	3.5674
1737	2.8295
6065	4.4782
1019	3.4026
4014	3.4658
5448	3.0595
8088	2.0180
7814	2.5687
1056	3.2329
7578	2.5131
6442	2.6124
6066	4.2551
5099	2.8050
6067	1.8590
4015	2.7533
6068	2.3511
8089	2.1771
1739	2.8811
6069	2.4013
4016	3.0595
4017	3.2750
3678	4.1224
2031	1.6126
310	2.5398
6072	1.6108
4018	2.2033
6073	2.1700
4019	3.0106
6074	2.6124
7773	2.7201
4020	2.3057
2033	1.6974
2034	4.5415
6075	2.3166
3400	3.0163
6076	2.1880
6077	2.0180
1939	2.9894
4021	2.1354
4022	1.7595
2035	3.3094
1198	3.2329
6079	2.0826
2036	3.6355
3924	1.3897
4023	3.3055
4024	1.6654
6081	2.7229
4025	3.0442
4026	3.0945
8094	2.7229
2039	2.4773
6082	2.7094
3692	2.4323
6083	4.4782
4027	3.2329
4028	2.7094
3748	2.9423
4029	2.6893
2040	3.1284
3402	2.4756
2041	2.9052
2491	2.0180
8095	2.6109
6084	3.2329
2042	3.7879
1316	3.7879
3747	3.2750
6086	3.2379
5825	2.1343
6087	2.7565
3755	2.4773
3757	3.7851
3759	2.3307
2246	2.6124
3762	2.1364
3763	1.4497
8098	2.7112
6488	3.0595
2046	1.9531
8099	2.5419
4031	3.5759
4096	2.0180
2048	2.0163
4032	2.4456
8100	2.5819
4033	5.3888
8101	2.2955
6899	2.0078
6088	2.7112
7986	3.3949
3953	2.3663
3352	2.2121
6089	2.4016
6947	3.2329
6090	2.1343
7231	2.7112
2050	2.9053
4424	2.0566
8104	3.0595
8105	2.0297
3415	2.0078
6091	3.0078
3804	3.2329
8106	3.5971
5206	3.8636
5972	2.3585
267	2.3416
8108	1.2143
2054	1.6844
8109	2.4756
7599	3.0639
8110	2.9576
4165	1.9456
2918	2.5368
4037	2.7094
5046	2.6411
7126	3.4658
6093	3.1717
8111	3.0948
8112	2.0180
768	2.0326
7606	2.6540
4775	2.0413
6070	3.3417
7910	3.3417
6095	2.0946
6096	2.3511
4041	2.1880
725	2.7229
6774	2.3057
4043	2.8811
4044	2.0180
7921	2.5398
6097	3.2329
4045	4.2902
7449	3.0238
2056	3.1284
8119	2.5398
6782	1.2677
4046	2.2955
3851	2.4786
6923	2.2431
4047	2.7094
8120	4.1224
6099	2.9473
5652	2.3672
4048	3.2061
663	1.7082
6101	3.2750
2057	2.8811
7450	2.1364
6103	2.3585
8121	3.6355
2089	4.9834
8122	2.9000
3262	2.2955
2058	3.2750
4052	2.0180
8124	3.2329
2060	3.0595
2061	1.7421
6105	1.9386
1803	3.0945
2421	2.8811
8024	2.0180
2062	3.4429
1526	2.5000
4382	3.1284
2063	3.0595
8126	4.2679
4055	2.0708
7968	2.7094
2380	2.0078
8128	2.3585
8129	2.0795
8130	3.5674
1033	1.5212
6106	3.6355
7128	2.0180
2065	3.3417
8131	3.1284
6107	2.4756
4057	2.8275
4058	2.3585
5513	2.7726
4059	1.6654
3903	2.2765
4776	3.3417
2066	2.5819
3905	2.3057
6109	2.0708
2067	3.2329
4060	2.2456
7130	3.0106
7355	2.6893
4061	1.9535
2405	3.3129
3009	2.7229
8136	3.0945
4062	2.0223
2844	1.9579
6825	3.2329
2422	2.9423
8138	1.6023
6176	3.8178
2069	2.6245
4063	2.6124
8139	3.0595
4064	2.0165
4065	2.6580
6110	1.9177
6130	2.0180
8140	2.4013
3942	3.8117
4066	3.8636
7874	3.0595
4068	2.8811
2525	1.6579
678	3.0919
2073	2.6124
3957	1.8120
4070	2.3585
6393	2.4846
6113	3.0595
8141	1.7035
6114	3.8367
7900	3.0603
6116	2.3443
378	3.1284
4779	2.2542
2074	3.3472
4461	3.1284
6120	2.7094
7393	2.6109
2855	2.5819
8142	2.2955
4071	1.7077
6121	2.3747
2075	2.3585
5458	4.0061
6122	2.7229
4072	2.0180
2077	2.2962
7132	2.4016
4073	2.7229
8069	2.5398
8146	3.1284
8072	2.7094
5459	3.0948
2079	2.3213
3998	3.2329
8148	2.3585
8149	4.8156
3117	2.4352
7458	2.4773
4074	2.4352
8151	3.1552
4011	3.2750
4012	2.0180
6124	1.9892
2084	4.3365
4075	2.3746
8152	3.7570
2085	3.2750
1909	2.2955
6780	2.3410
2086	2.0180
8153	3.4658
4077	2.8295
4078	1.8067
7459	3.0595
8156	2.4756
2675	2.5784
2087	3.2750
6975	2.7530
2088	2.3585
4079	3.0945
6140	2.9039
4050	2.7333
4051	3.2329
4053	3.0595
4056	3.6507
6128	2.6918
7000	2.2955
8157	3.4429
7824	2.0723
8158	2.3966
4081	2.0180
6129	2.7726
8159	3.3949
1749	2.6124
2091	2.5000
2092	2.4456
6131	3.3129
4179	3.1284
7987	3.0595
3769	3.7879
4084	1.6126
6047	3.5674
4085	2.6890
6132	2.2955
8161	3.7879
4086	3.6507
4087	2.5398
