0	4.1382
3123	2.0912
2365	2.7991
2366	3.0991
1869	1.0638
500	3.6189
501	1.7129
328	3.5863
1871	1.9896
1	2.1859
2	1.4434
1874	2.0986
502	3.0761
3	1.9270
1872	2.3123
3585	3.2176
1445	3.2994
4	2.8584
1447	1.2765
5	1.8938
6	2.0094
3360	3.1343
1870	2.0877
1449	2.1531
3361	2.5536
3362	2.6202
2368	2.0111
7	2.6289
1620	1.8062
990	2.9591
2033	3.6484
2718	2.6649
2628	3.7715
8	2.9021
3125	2.9968
1873	1.4707
2369	2.7048
2876	1.6061
2806	2.7602
1450	2.6202
2877	2.3751
1451	3.5515
2878	1.8654
1452	1.8654
1530	3.0683
9	1.9270
1356	3.8795
2371	3.4424
3367	2.3106
1896	2.9619
1453	2.2993
72	2.2079
10	2.5113
1454	3.0991
1919	3.4252
44	2.2147
1116	2.4623
2879	2.4466
1924	2.0094
3714	2.5023
2880	2.3219
2372	2.4388
2373	1.4558
1033	2.9306
1876	1.8654
1964	1.4807
2883	2.1652
1455	2.5586
1877	2.6936
1456	3.1399
2374	2.2210
2375	3.6189
2204	3.0198
1934	2.5977
2376	1.9270
1457	2.0877
993	2.3830
506	2.6202
12	3.0761
13	2.3480
994	2.6202
1817	1.7379
995	2.2453
575	2.8853
2885	2.5586
1458	3.0991
2886	2.0613
507	2.8702
1055	2.0670
14	2.1427
15	3.1102
996	2.1130
1879	3.3074
508	3.6588
1880	1.3682
2378	2.9591
2887	2.5586
1460	2.3751
1962	2.3936
2888	2.0833
1461	3.5953
825	2.4007
509	2.1213
3373	1.5025
1063	2.3082
1882	1.8336
2380	3.2199
3374	3.0534
510	3.2908
511	2.5182
2890	1.7930
2891	2.8061
1075	0.9108
16	2.2769
3301	1.0021
3375	2.6202
998	1.6640
2892	2.7696
512	2.6729
1883	2.9306
912	1.8643
1884	1.6558
1077	2.5977
1885	2.9257
17	3.6038
2811	2.9591
503	3.5297
18	2.8711
1886	2.3465
1463	2.5268
100	2.0613
513	1.2397
3378	3.0677
19	3.1242
3059	2.7900
3379	1.9270
1464	3.1955
515	1.7885
1465	3.5953
2895	1.9270
1888	2.5802
3488	1.4807
2382	2.0613
516	2.5586
2383	2.6707
1889	2.8191
1467	3.3954
1890	1.6779
1891	3.4533
3382	1.1318
3364	2.6267
3440	2.5493
2385	2.9591
2813	2.7991
1000	2.7397
227	2.0613
20	0.9957
2386	3.5953
2280	3.5953
970	2.6535
123	2.7048
2899	3.7521
2900	1.9395
2387	2.2709
517	1.5815
1002	2.3082
518	3.0761
1892	3.3299
2965	1.5216
2875	2.8256
519	3.4533
520	2.6790
2389	3.8886
2559	2.3830
521	1.2461
1469	2.3106
522	1.8755
2390	2.0613
1893	1.0227
22	2.9257
3387	3.5953
2391	2.9242
2392	2.9885
3389	1.7248
3390	1.9697
3391	2.7602
23	2.8358
2903	2.5506
24	2.8043
991	2.0613
419	2.5185
1895	3.7049
2904	3.0369
25	3.4252
523	2.7806
3175	1.5642
1004	3.0534
2394	2.6729
1551	2.6565
26	2.3751
1005	3.1955
27	3.4172
242	2.6157
165	2.5185
169	3.0991
1472	3.4335
3286	3.0479
3393	2.3082
525	3.2116
1126	3.9840
3045	1.8317
527	2.4877
1006	2.2792
1129	1.8320
3395	2.9306
528	2.3830
28	1.5216
29	4.1184
529	3.0232
530	2.5185
1685	3.5297
1898	2.8498
30	2.3510
2207	2.0613
436	2.7806
3370	2.0613
1899	1.5591
2905	1.9270
531	2.1457
1009	2.7886
2397	3.5869
76	3.4252
2725	2.5187
1010	3.7715
3067	3.0761
348	1.8463
989	3.4424
2078	2.1456
1900	3.4243
1475	3.4424
3745	2.5837
1476	2.8520
1012	2.7907
1289	2.3186
1477	2.8853
2907	2.3751
32	2.0613
1478	3.0396
1159	3.3979
1901	2.9632
1013	2.3658
3130	1.8654
1479	2.0111
1163	2.5983
1164	1.8331
532	2.1923
33	3.2638
2402	2.0877
34	1.8562
533	3.4533
1480	2.1489
1902	3.1898
1124	2.3713
3685	3.0040
1481	2.2792
3365	3.0783
3668	1.9891
1177	2.5023
1903	3.4252
2909	2.7765
1904	1.8249
2457	2.7806
3662	2.6729
535	1.0298
3400	1.9797
35	2.1598
2809	2.3863
1777	2.8938
1206	2.7390
1905	2.6202
536	2.7806
36	3.1955
37	3.4199
1793	3.0991
537	3.4685
1907	2.6143
1483	3.0991
2403	2.0569
3293	1.9515
2630	1.6730
2107	3.4922
1014	2.7806
1908	3.4424
739	2.9591
2405	1.7729
2109	3.2308
2818	1.6019
538	1.8654
1484	2.0159
38	3.0589
2910	3.3979
3402	2.8855
2118	1.9335
1485	1.6423
2407	2.2006
2408	2.2698
1909	3.5609
39	2.6359
2911	2.9591
2912	1.8643
40	1.9410
539	1.5591
1015	3.9570
2409	2.8061
1016	2.3465
1911	3.7049
2410	2.8584
1913	3.8886
2411	1.9427
41	2.7806
1344	2.6449
2134	3.0783
1914	3.1887
540	3.5863
3144	2.2993
2413	2.7536
2414	3.0593
332	2.7038
2913	2.0613
3154	2.6566
1875	3.5953
42	2.2006
1291	2.8938
1351	1.9270
1017	3.0783
3407	2.7048
658	1.9270
3435	3.2631
2950	2.4623
423	2.2369
1916	3.1955
541	3.2021
1917	1.9270
2917	1.2431
1018	2.0073
1019	3.9570
542	3.5452
1490	1.7403
3190	2.6520
43	3.2413
2416	3.9559
1020	3.9840
290	1.8654
1918	2.4806
2160	3.6189
2161	2.9591
543	2.9591
1491	2.3602
3410	1.7447
1920	3.4424
1021	1.9270
1921	3.6189
1922	1.6424
659	1.8790
1970	2.7048
2920	3.4922
2884	2.7042
3186	3.4533
1022	3.5953
45	1.9270
2419	1.9270
3199	1.9270
1023	2.1118
1856	2.9591
2922	2.4473
544	2.0613
1494	2.4967
1024	3.3001
2420	3.6189
3411	1.6769
3198	2.2425
1923	2.0613
3511	1.5815
2923	1.5278
1264	1.9270
1495	2.3354
47	2.7808
2924	3.2607
2290	3.0783
1025	2.0347
545	3.2116
1026	1.9270
2636	3.2108
3412	2.6936
2422	3.4252
1925	3.2691
48	3.4922
2790	2.6061
2424	1.6822
1279	3.6076
1027	2.4816
2926	2.9591
1028	3.4424
1498	1.1453
2206	2.0875
1499	2.2993
1500	2.0262
1501	3.1242
2425	1.7946
547	2.7768
1927	4.1465
2426	1.8256
1030	3.0534
548	2.9021
3414	2.9982
1928	2.2652
1929	2.4967
3223	2.6202
549	2.5586
550	2.3658
1502	2.2659
551	2.0459
552	3.4424
2213	1.9270
2882	3.8886
2929	2.5185
1930	2.2326
2126	2.7808
51	2.9606
1034	3.2116
2931	2.5252
2932	3.5953
553	2.7225
1035	3.7715
425	3.4832
1503	4.3186
2225	2.9591
3417	3.4252
52	2.7806
3419	3.4424
2428	1.8643
2429	3.4738
554	1.5913
1037	3.0534
3690	2.9220
2430	2.7808
3334	1.6393
1038	2.9662
1504	1.5778
1931	3.6189
2236	4.2541
1932	3.3466
556	2.9306
1933	2.5252
2934	3.6189
2431	2.9924
1317	2.5977
1505	2.8584
2553	2.0116
2935	3.0235
1070	2.4136
558	1.8271
1322	3.0761
3251	3.5953
1507	2.1531
559	4.2541
2936	1.8775
1219	3.4922
2823	1.3237
2938	2.5586
3422	1.8654
3423	2.5763
2744	2.1118
3381	1.9270
851	1.9645
1332	3.3496
3424	2.7768
560	2.5009
3137	2.3846
3425	2.9513
3209	2.1725
2939	2.9257
2976	1.7039
1935	2.5185
2940	1.7534
2434	3.0761
561	2.9317
562	3.0683
1936	3.5863
1508	2.7048
54	2.4165
464	2.5644
80	3.7049
2265	2.3751
1042	2.5586
1346	2.0613
1555	1.6671
1043	1.7885
2970	2.8358
3427	2.9968
1510	1.3674
2435	2.2659
1938	3.4424
3428	2.1652
564	1.9548
2658	1.9427
2944	2.0613
565	2.3751
1044	2.2924
55	2.0875
2945	3.0296
56	2.5644
566	3.5863
57	2.1047
2946	3.1955
2436	2.8176
58	3.4040
1549	1.9270
1047	1.6648
2217	2.7806
1363	2.0613
59	1.7729
1008	1.8271
1514	3.4993
2947	2.7808
567	2.6073
3302	2.3852
3515	1.8790
1130	2.6202
1515	2.0969
1942	2.9323
60	3.2134
1517	3.4922
1943	3.7715
1518	2.7806
2440	2.8678
61	3.1489
1380	2.7519
1519	2.5185
2667	1.9270
1131	2.6060
2441	2.4571
1878	2.6628
62	2.4877
63	2.3751
3431	1.8032
1944	2.2858
1052	2.8061
1053	2.6801
1945	2.9591
64	1.9270
2154	3.1809
1190	1.6579
2977	2.7492
678	3.3066
1054	2.7321
1947	1.6820
1948	2.8131
65	2.7806
2443	2.4891
3224	2.5586
66	2.9574
3432	1.6579
2826	3.5953
3372	2.6202
1404	2.1931
2951	2.3665
2444	1.9270
2055	2.3658
570	3.4424
3448	2.0613
2952	1.8261
2445	3.3979
1524	1.6255
662	1.9270
1257	2.9426
3725	3.4424
173	1.8654
1056	2.7900
1949	1.6326
67	2.5586
2642	2.8932
1950	2.4059
1369	2.6520
1057	2.0111
1058	1.9270
2130	2.7312
69	3.2183
3436	3.1656
3437	4.2541
1951	3.7715
2640	2.5203
2954	3.1955
573	2.7602
2337	3.0479
1526	2.2090
1952	1.4023
2447	1.4198
1427	1.9775
2896	2.3081
3340	2.5185
1059	1.3682
574	2.2888
1953	2.5370
3300	2.7806
3139	2.1745
2356	2.7991
1434	1.7817
1954	1.7372
1955	2.3661
1956	2.3425
1060	2.1746
2956	2.8853
663	2.6108
2449	2.7806
1528	3.3535
1958	2.3082
176	1.9051
2101	3.4533
3226	3.6189
1529	3.7036
1061	3.7521
1062	1.8723
2367	1.6818
1074	1.6061
2450	2.7008
2959	1.3682
997	3.2733
2370	2.0613
71	2.5759
1963	2.4084
2451	1.6791
2960	2.5586
1531	1.6633
2452	3.7521
2961	2.3658
73	3.9570
2377	3.2801
74	3.5953
75	1.9404
1965	2.1259
576	3.8588
3770	2.1531
3442	2.7806
1966	3.0413
3755	3.0991
3443	2.2117
2963	3.4656
3756	2.3106
1064	2.9591
84	3.0198
577	2.0418
2964	3.0581
2388	3.1097
3517	2.5759
2967	3.4424
1967	2.7806
578	3.3452
524	3.1809
526	2.6479
1474	3.0479
2968	3.4922
622	3.1555
2396	3.0369
1533	1.4641
77	2.3846
579	3.8174
1066	2.0613
3734	2.8061
1067	2.3542
1482	3.3580
2379	1.4369
2404	1.6558
580	2.7806
1969	1.6105
1068	1.9270
2415	1.8645
1069	1.6423
78	3.4451
2458	2.0613
2418	1.9270
2971	2.3688
582	3.7129
583	3.0479
2972	2.3852
79	3.0867
2973	3.2420
3269	2.9591
584	1.4162
1820	3.7049
1536	2.0875
1971	2.7657
2974	3.7049
1972	2.0111
585	2.9591
1506	3.5953
1973	3.9664
1974	1.9548
2975	3.0677
434	1.4896
3227	3.0198
2460	1.9270
3429	2.5983
586	2.7321
2439	2.0613
1071	2.6247
82	3.7049
1976	2.5586
1537	2.9724
2740	2.3186
2978	2.1434
1522	1.3682
1523	2.9425
355	2.9829
1295	2.7806
1977	2.9591
2979	2.0613
1073	1.5778
2461	3.5504
2562	2.9257
587	2.5203
1538	3.4424
83	3.5863
2462	2.2288
2463	2.9220
2464	1.8722
1539	2.7048
2459	3.0118
2456	1.8470
588	2.6156
85	2.6055
1540	2.0613
2980	2.0613
589	3.0991
1076	2.1130
1541	2.2394
3228	2.0196
2465	2.5185
2981	2.1682
2466	3.0761
3142	2.8248
1978	1.9270
590	1.9525
1542	2.6638
2468	2.0969
591	2.9591
3518	4.2541
2469	2.7078
1543	2.0324
3376	1.5505
1544	2.6014
2983	1.9276
87	2.6241
88	1.1806
2467	4.1465
2641	2.8061
2985	1.0759
3479	2.1394
593	1.9270
2412	2.0005
1545	2.5371
473	1.6820
594	2.3751
89	2.9454
3762	2.8365
90	1.8643
1078	2.5575
91	2.3178
1980	2.5544
3519	1.8744
595	2.4325
2881	2.9257
2135	2.9548
1981	4.0309
596	2.5252
3451	1.6019
92	2.8021
3587	1.9270
2471	1.8775
597	1.6522
2136	2.1133
93	2.1969
94	2.7991
3180	3.0127
2473	2.3751
95	2.3602
2987	3.0845
1754	2.9343
96	2.3465
2988	2.2024
3371	3.9840
1079	2.9591
3579	1.9270
2475	3.0501
1682	1.5373
1982	2.7806
3229	2.9591
2741	2.1121
1576	1.9386
1080	2.9021
3564	3.3974
2476	2.5023
3452	3.6189
2957	2.3852
2990	3.1059
599	2.9591
2991	1.8000
1534	3.3299
1548	2.2326
600	3.0534
3477	1.9270
3453	2.0613
97	2.5586
3454	2.3475
98	3.2116
3455	2.0613
2992	1.8654
2982	2.3852
99	3.9840
1887	2.2659
1983	3.0534
2993	2.5586
1082	1.9775
3808	2.0434
1596	2.7806
1984	2.9591
2548	3.6373
601	2.7806
3456	1.8398
1985	2.4877
1986	1.5278
1599	3.4922
514	3.4738
2994	2.0939
2561	3.0783
1605	2.2700
1606	2.2747
1988	3.0761
209	2.7220
1550	2.8850
102	4.6771
3588	2.0613
3674	2.2522
2797	3.5609
1083	3.4451
2995	3.3350
103	3.4252
2477	2.6936
1552	3.1955
3459	3.4738
104	2.0613
1084	1.9270
105	1.6380
3498	2.1531
1991	2.1130
3752	3.4252
2478	4.1382
1992	1.9270
3643	3.9840
3563	1.6533
3380	1.9393
1624	1.3920
439	2.6700
1085	2.0613
3460	2.1618
1993	1.6891
751	1.7394
2481	2.2147
3461	2.3751
2997	2.4356
3473	2.0478
3666	1.7511
2998	3.4922
1994	2.0613
2482	1.9783
107	2.0823
701	3.4252
2999	2.0613
108	3.0589
2483	2.2747
3283	2.9866
2925	3.0118
109	2.9306
2484	3.0534
110	2.0613
2485	1.9270
2486	2.3658
605	2.8247
3463	2.7048
1553	2.7344
1554	3.3979
111	2.5371
1088	3.0534
1466	2.1140
2487	2.6936
3000	3.0991
606	2.7900
2064	3.1955
3001	2.8937
1996	2.0249
3054	2.0175
3021	2.5185
1652	1.8816
112	2.6729
1089	1.2475
1090	2.6134
113	1.8654
2488	2.0613
1646	2.7806
1997	3.5290
1998	2.0875
3002	2.9819
3465	2.3186
607	1.9270
608	3.0118
182	2.9357
2624	2.9591
2489	3.6189
1556	1.8654
3567	2.5801
610	2.6479
3003	2.7806
1147	2.8863
2491	3.1080
3004	4.2228
2492	1.8256
2000	1.6423
115	3.1955
1610	1.7736
2002	1.8938
1557	2.7676
2003	2.4932
1673	3.0369
611	3.8886
116	2.9257
742	2.0613
3467	1.9697
433	2.0670
3006	1.9227
2493	2.9724
3648	3.2992
1092	2.2858
2004	3.0589
2494	2.0613
2843	2.0875
3235	2.8853
612	1.5371
117	3.4424
3468	2.8350
1093	3.7533
118	2.7806
1094	2.0613
3469	3.5321
3008	2.4623
1095	3.1955
2495	1.6558
2066	2.8015
2496	2.7806
2662	1.5605
3470	2.0877
1560	2.9761
119	3.3535
1096	1.8439
1751	3.7067
613	2.7806
1561	1.5505
2897	2.3196
614	2.8049
2497	2.8584
3009	3.6189
1001	2.0548
1098	1.7729
2498	3.5452
3466	1.7075
2747	1.9270
2914	3.5452
1194	1.8975
3472	2.1093
1099	3.0198
2472	3.0991
2006	1.6558
2007	0.9829
1562	2.5185
1143	1.6279
3721	2.3710
2009	2.3829
3010	3.0761
617	1.9192
2010	2.7048
3011	2.1589
3619	3.1809
2499	1.8848
2011	3.6189
2012	3.6560
3777	2.0094
1714	2.9591
3148	3.3660
124	1.8654
3012	3.5297
1100	3.8886
3013	2.2006
3475	2.8584
1989	2.2882
2695	1.9270
1722	4.6771
618	1.4813
1565	1.5445
2014	3.5430
2502	3.4252
125	2.5185
3766	1.4630
2986	1.3499
3236	1.7301
2503	3.4252
3641	2.3602
807	2.5586
126	2.2674
127	1.5906
2504	2.6936
1566	2.8932
3168	1.9316
128	2.5185
3170	1.8654
231	2.7991
3652	2.3631
2015	2.2993
129	2.8726
2902	3.0867
2016	2.8770
1567	2.7602
1362	2.0613
1568	2.1746
620	1.9270
621	2.5370
1735	2.2375
131	2.1939
2506	1.6533
3017	3.4424
1736	0.9562
2017	2.9021
1103	3.9570
2018	2.1130
1740	3.1557
3018	3.3290
1569	3.4738
133	2.0223
2507	4.6771
2508	3.0761
2509	2.0389
1570	2.8049
2510	2.4466
2020	3.4922
134	4.1175
2511	3.5515
2512	3.3312
3480	3.3922
1572	2.4311
2898	2.9591
135	1.3542
3601	1.9270
3020	2.2006
672	3.1253
1573	2.0911
136	1.0226
2513	2.1828
3611	2.1621
841	3.3076
1574	3.4431
3481	2.2326
3022	2.3266
122	2.9591
3482	3.8588
137	2.7359
2514	3.0867
138	3.4252
624	1.4552
3483	1.8803
2836	3.7715
3023	2.2335
3024	1.8654
2336	2.7991
3691	1.8256
2515	2.7765
3768	3.0761
2022	4.5436
3099	2.3751
139	3.6238
3484	2.5944
2516	3.0761
3485	1.6425
3025	2.1653
3486	2.4335
140	1.5278
1613	4.2541
2989	1.6558
3604	2.1451
2517	2.0955
3487	3.2638
3526	1.1508
2023	2.9306
865	2.0613
3489	2.0613
1105	3.4922
1385	2.6707
3026	2.5185
626	2.4466
142	2.0606
143	2.5252
627	3.6189
1106	3.6189
1798	2.6063
2750	2.8524
2024	3.0198
3028	3.0761
3492	3.2638
915	3.4922
145	2.5252
3029	2.8932
1623	2.0588
146	3.3553
3152	2.7026
2796	2.8759
2221	4.6771
147	1.8905
1795	3.0761
1107	3.9840
1575	2.2792
2520	2.1059
629	1.5913
2800	2.1682
3493	2.8932
3032	3.1242
2026	3.0761
148	2.5536
1577	2.1725
2027	3.4252
149	1.9270
3575	2.7048
2521	1.8643
3724	3.6632
1807	1.3629
3494	1.7945
3388	3.5995
3495	3.3979
2522	2.2147
2802	2.5185
630	1.5075
3496	3.6173
1578	1.9270
3736	2.6449
2028	3.7792
1389	1.3682
3033	2.2304
1829	2.7321
3497	3.5927
631	2.5506
150	2.3936
1108	2.6202
3457	2.2349
2821	3.5588
2523	2.9548
3627	1.7145
632	2.3745
3499	4.1465
1223	2.4991
2031	3.4922
633	3.0769
634	2.0613
635	2.7991
1580	2.1431
1109	1.8356
3500	3.4685
2032	3.7049
151	3.5863
636	3.4307
1684	2.0613
637	1.7113
1581	3.6189
152	2.9306
2527	1.9278
2528	3.4644
1582	2.7900
3501	2.6424
638	2.5023
2393	1.6579
2529	1.4361
153	1.9270
640	2.7312
3506	4.4056
1583	2.8138
154	3.0642
2036	3.1955
936	1.9270
3502	3.4252
3439	2.2792
641	1.8737
1110	2.7885
642	1.8092
3064	3.3660
1357	1.8938
3779	2.7048
156	3.5953
1112	2.1130
2530	3.2801
3771	3.1863
1113	3.2021
157	2.0140
1462	3.4252
158	2.8498
2037	2.2210
646	2.3888
647	3.7063
3788	3.5863
141	2.5779
159	3.5609
2779	2.9591
2531	3.4252
3794	1.9548
3505	2.7048
1607	2.2288
160	2.3519
2532	3.0991
1585	3.4252
1586	2.6790
2958	2.5023
2039	2.4529
649	2.1160
3065	3.0534
1587	2.6063
497	3.6189
1588	3.0013
161	3.0683
650	2.6380
2040	3.0658
2534	2.0569
162	3.0198
2535	1.4689
2041	1.8938
2870	3.0589
2536	2.2682
163	1.8605
164	3.2638
3038	3.4424
1591	3.4252
1592	2.0389
2042	2.2674
2850	2.9021
2537	3.0534
756	2.5252
651	2.7492
652	3.5863
1594	2.6479
2227	2.7806
1595	3.7049
1114	3.7049
2539	2.7560
3817	2.6655
3554	2.0613
653	2.8520
2540	2.3658
446	1.9603
1558	3.1397
654	2.0955
3392	1.9270
3040	3.6179
1115	2.7042
2542	2.7806
2543	2.1967
655	3.0357
2544	3.2116
992	1.6022
3592	3.0761
3418	3.4424
2943	3.0692
987	3.0991
1897	2.5185
2545	3.4424
1119	3.4243
3153	3.8886
2044	2.7760
656	2.6700
2045	2.9559
1471	2.8389
2047	2.0599
1120	1.9130
1121	2.2792
70	1.6730
2547	2.3131
1122	2.1787
166	3.6096
167	3.6010
3042	1.6271
2048	3.4922
3696	2.7808
1123	2.1130
3508	2.3643
657	3.4922
2049	1.9512
168	3.0761
2549	3.3302
2550	2.3823
170	3.6076
1125	1.9270
3043	1.4162
3509	3.7715
2050	2.0986
1597	1.8775
3510	3.7715
1598	4.3894
171	3.1809
2051	2.8145
3684	3.0413
3394	2.7806
1127	2.2147
3750	4.1382
2551	3.5297
2552	2.0969
2052	3.0589
1975	2.6060
1926	1.9427
2053	1.7736
1032	3.3587
660	2.5203
2930	2.4572
3046	2.4466
3669	2.5023
1128	2.3936
2054	2.2769
3047	2.7806
2554	0.8886
2728	3.0198
2555	1.9270
3512	3.0534
1473	1.8654
1046	2.4417
1048	2.6707
1049	2.6700
1863	2.7806
3048	2.8759
661	3.2638
3513	2.8253
172	3.1955
1600	2.7768
3598	4.1184
2556	1.5815
68	2.3547
1133	2.6402
2395	2.3266
174	2.7806
175	3.1898
1007	3.4451
1134	2.8656
448	2.8472
1135	2.7075
1959	2.4967
766	3.2986
1309	2.5644
3516	2.2326
2966	1.7830
2558	3.6971
1601	2.6202
177	1.6616
3050	2.7900
2057	3.4252
664	2.1394
2560	1.3058
2058	2.4816
2661	3.8307
665	2.1213
1987	3.4738
81	1.9270
1139	1.9333
2059	3.1809
2060	1.9374
1602	3.2638
1726	2.5650
666	2.6202
1603	2.7900
1979	2.5185
1140	2.7806
2061	3.4424
860	2.9301
3051	2.1434
2984	3.1743
1618	3.4252
178	2.0180
1691	1.5858
1619	1.9333
667	3.7521
1081	2.0670
3053	2.6202
3521	2.8791
3368	2.0630
179	2.9591
602	1.8654
3522	2.7359
180	2.6593
1393	3.4922
181	2.4615
1608	2.9591
3727	3.9570
1141	1.5820
2065	3.7129
1609	3.3692
3055	2.2659
2001	2.2055
2659	3.0991
1611	3.5863
934	2.7978
668	1.9270
2563	2.7042
1612	2.6202
2755	1.9270
669	1.5216
2564	3.9570
3058	2.4171
2008	2.0670
2067	1.8654
3316	2.6729
1144	2.0641
183	2.6202
670	3.4424
1765	2.0185
671	3.3452
2019	1.2007
2068	2.5426
2069	3.4984
3782	2.3052
935	1.9278
1939	3.4252
2070	1.8092
3060	1.8643
2234	1.9203
673	2.9708
184	3.0198
2566	1.8557
3532	1.6558
1146	3.0534
185	3.7617
3061	1.3891
674	2.6535
675	4.6062
2071	3.4731
3527	2.1396
3528	2.3547
1395	3.7049
1148	2.6024
2567	1.2225
186	1.5278
2072	2.2664
2073	2.4311
603	3.0761
3693	1.4667
1149	2.5834
1614	2.5185
2568	3.3074
187	2.6055
3415	2.8584
3359	1.6558
916	2.8520
676	3.2177
3066	1.9212
31	1.9270
1615	1.2173
1616	1.2549
1150	2.3602
677	2.7806
3530	2.6991
1151	2.5165
3531	2.0877
188	3.4424
3069	3.5863
3070	3.4536
1152	2.9021
2074	3.1955
1011	3.1932
3763	3.8795
2075	2.7900
2062	2.8853
1990	3.6189
679	2.1746
189	2.0986
2918	3.3412
972	2.5185
3071	3.3779
3072	2.5252
2076	2.9701
2077	2.9306
3073	3.2638
2570	3.0683
3074	1.9270
680	2.7075
3688	2.5883
2906	3.4922
681	3.7049
682	1.5278
190	3.1197
3534	2.2079
2571	2.5883
2286	2.8101
3533	1.7385
1154	2.0857
2479	3.4424
3535	3.3660
2572	0.8408
2573	2.0140
3076	2.7806
2574	3.4533
193	1.5534
887	2.0613
1155	2.5185
3444	2.9021
1694	3.2119
1153	1.8654
1156	3.8307
3536	2.3751
2576	2.0389
3240	2.5575
1158	3.2638
2820	3.9840
683	1.8607
684	2.9591
1621	2.0613
2079	2.8770
3537	3.0479
685	2.5747
3077	3.4533
1695	3.3290
2384	3.0593
194	1.9421
195	1.5278
3078	3.4252
199	2.5336
2577	1.6423
2151	4.6771
2578	3.6189
1625	3.9570
2080	3.0396
2580	3.0534
3538	2.3852
3080	2.6359
1626	2.3602
2081	2.2006
686	2.5023
1627	2.7519
239	2.6226
2082	3.7253
1628	2.9864
196	3.2638
197	1.6558
604	2.7806
2582	2.3037
198	2.9724
1629	2.3547
687	1.8746
191	3.4424
3726	1.6393
2583	1.5069
3673	1.8206
200	2.9591
3176	2.6202
1622	3.0075
3081	3.4366
192	2.4857
2584	3.3191
689	2.4932
3082	3.6076
2083	2.9350
1630	2.8061
2585	3.4424
257	3.8795
3083	1.3807
201	1.4415
2084	2.9306
1160	3.0198
1632	1.9069
1633	2.8937
2085	2.5185
2763	2.5187
691	2.3186
3541	2.9591
3084	2.7321
203	3.4424
3397	2.8656
2086	1.6059
1161	2.6622
2810	3.2134
3085	1.9270
694	2.0613
2586	2.8932
695	3.7049
696	3.4838
2143	4.5685
2401	2.3266
2575	1.9775
2787	2.4036
3087	1.7520
697	3.4252
1165	1.9492
2148	3.0991
2587	3.0683
3088	2.9591
3089	2.0613
1636	2.6707
1741	3.5863
2588	3.5507
1637	2.6707
699	2.9731
1638	2.9021
2723	2.9591
3090	2.0140
1166	2.9724
2152	1.8605
2589	2.0613
2438	1.5815
1243	4.2716
1639	3.4832
700	3.0991
3294	2.0836
2153	2.7806
1640	2.6202
2546	3.1863
3438	2.5468
2590	2.3658
702	2.9168
1547	4.2541
1086	3.1863
204	2.5288
205	3.4243
1168	3.0189
1087	2.0645
1641	3.4252
3699	2.4623
207	3.4424
3542	2.6059
2591	4.2228
208	3.2607
300	3.0761
1169	2.5252
2592	2.9591
703	2.0168
210	2.7806
704	2.0453
1157	2.0116
2593	1.2616
2087	2.9591
211	3.9570
3092	2.4799
706	2.8678
3385	3.4922
3398	3.1925
3093	2.4609
1171	2.0986
3242	2.0606
2398	2.3751
821	4.6771
1294	1.9469
1825	1.6558
3203	4.1306
214	2.0613
707	3.5785
2594	2.2993
2088	1.4852
1172	2.2090
2595	3.6693
708	2.6707
944	1.7403
2596	2.3325
215	4.6062
2089	3.1102
2597	1.8643
2090	4.6771
2598	2.5707
326	3.3466
3095	2.5185
710	3.4424
1173	2.1839
3545	1.7512
1174	3.0198
2091	3.7129
484	2.5586
2092	1.6061
711	4.6771
2248	2.4059
3546	1.9270
1176	2.5203
712	3.0413
3097	3.0479
3163	2.0670
336	3.4922
1642	2.6202
2093	2.6847
3164	3.7049
1643	4.2541
1416	2.5182
1300	2.1531
2670	2.2147
217	1.9427
2094	1.9270
1181	2.1929
1644	2.6063
1937	2.5185
1645	2.3354
714	3.4424
2222	3.5507
1403	2.8908
347	3.1278
3547	2.9591
3548	3.1397
2095	3.5871
2228	1.6393
2229	2.3751
2773	2.6289
3100	3.7819
219	3.2116
2602	2.0613
2096	2.3751
3241	2.2659
220	3.1863
221	3.4922
3243	3.8588
1183	1.8654
223	3.3660
1189	2.7808
1995	2.3547
1184	1.9492
2604	2.5707
2605	2.8853
2606	3.4130
2607	2.7716
3103	4.6771
2608	1.7205
1186	2.0094
716	2.0613
2252	2.4929
1647	2.0428
3259	1.2740
718	1.3682
3550	3.7049
3701	2.0990
224	3.5297
2609	2.0613
1727	2.8938
3322	1.9270
1224	2.3658
391	3.2986
3104	2.9591
3268	1.9270
1648	3.5953
1187	2.9591
3105	2.0613
969	1.6820
1188	2.9306
720	2.8853
3106	1.6031
3476	3.2116
1145	1.5988
2610	4.6771
1906	3.4424
2267	1.6279
2099	2.7078
2100	1.6141
1650	2.6267
1651	3.5522
3234	2.7597
2874	2.2480
2650	3.5786
3108	2.1540
852	3.2994
3555	1.7885
2851	2.6729
225	1.7447
2612	4.6062
3109	2.5185
2524	2.0896
3110	2.7188
2276	2.6603
1653	1.3496
226	2.0877
2278	2.0588
1191	2.5875
1655	3.2045
228	2.8937
229	2.7806
230	2.9078
1192	3.7049
2746	3.2986
1656	3.1788
3112	4.1184
3778	1.9797
2613	2.0613
1365	2.2522
2102	1.7736
1366	2.7900
2103	3.1574
1234	1.9270
2579	2.6202
2615	3.7049
2104	2.6135
233	3.2429
2304	1.9270
2616	3.3755
723	3.5863
2105	1.9270
3558	1.5148
1657	3.0991
724	3.0761
2617	2.0877
3150	2.9528
2311	2.9591
2106	2.8853
235	2.4207
3539	2.3266
3560	2.4623
3113	3.4424
236	3.1898
1659	1.9990
2618	1.9131
2108	3.4922
3114	2.6967
3561	3.4350
3723	3.7253
2619	3.4954
719	3.0198
2620	3.4922
2766	1.9775
2325	2.2463
3115	3.5076
3138	2.6446
1195	2.3224
3116	2.3082
238	3.7715
725	2.3029
1660	3.5076
286	4.6771
2581	3.1097
3562	1.9270
372	2.1726
1237	1.6061
468	3.8864
3165	1.7729
726	2.6449
3117	2.2147
1196	2.0875
2339	2.0569
1662	1.7690
727	3.4922
240	1.5017
728	1.9212
2621	1.8439
3565	3.3272
463	2.7599
3118	1.6314
241	2.0875
2623	3.2199
1197	3.4922
730	4.2541
609	2.9924
1198	3.4533
2347	2.0726
1199	2.3160
480	3.2438
3119	3.0369
3324	2.1434
1664	3.1397
1773	1.8016
465	1.6558
3120	1.9270
3121	2.5185
1170	1.3943
2625	3.1555
2626	2.6446
1200	2.5252
1564	3.4738
732	2.5977
2111	2.2466
1666	1.5505
733	1.7551
2627	2.3754
2697	2.9677
3568	2.3547
3342	1.9427
2112	2.4136
734	2.6202
3569	2.7806
243	1.9823
3124	2.5586
735	2.5586
244	1.8336
857	1.6187
2114	3.2638
466	2.9591
1667	3.2246
3570	1.9270
2115	3.5953
2116	3.8886
3571	3.1955
2117	3.8886
2629	1.8562
1459	3.0118
246	2.3846
3126	2.6265
737	2.5181
248	3.2116
3403	3.0783
2119	2.2006
738	2.8584
1668	2.3658
1202	3.6189
3384	3.4424
1669	2.9449
3127	1.9270
2121	2.3530
249	3.1015
1204	3.0534
3572	2.7900
3128	1.9270
1205	2.0140
2122	3.4119
3129	3.1955
3573	2.3504
3574	3.5297
2631	2.1531
250	2.0711
2632	3.0397
3341	2.7806
3406	3.0761
251	2.6202
2737	2.0947
1207	3.0396
252	3.5892
3540	3.3370
2406	1.8654
2123	3.3466
3576	2.0094
1486	3.8795
3804	3.0761
2124	3.0534
3131	2.7765
253	2.2466
3133	3.2116
3577	2.0613
3134	3.4533
2825	2.9358
2125	1.8654
3135	3.1863
3799	2.6936
2635	2.3602
776	2.4358
1670	1.4268
546	3.0783
1091	2.3830
1671	1.6820
2157	2.5779
254	4.6771
3580	3.6076
1910	2.0902
255	2.8584
3581	2.5646
740	1.8494
3582	2.8932
1674	1.2082
2127	2.2006
2637	3.2116
1675	2.9591
741	2.9591
3136	1.8654
2638	2.2649
3583	1.2210
3005	3.8886
3352	2.1923
3584	2.6267
2639	2.9591
2128	3.4252
256	3.4252
1512	2.0822
859	3.5863
743	3.0620
2129	3.4451
1208	2.3830
258	2.5883
1676	2.8938
1209	2.5252
1210	2.9591
1211	2.3336
2643	3.0783
1677	3.0479
1631	2.8584
2644	3.1743
1678	2.6202
259	2.0268
2131	1.8654
1212	2.6707
1912	4.2228
2455	2.5977
3586	1.9335
260	2.8061
3141	2.6202
3445	3.8795
2132	2.8862
1213	3.4818
414	2.7806
202	2.8790
261	2.5567
2645	1.9716
3462	2.0629
1679	2.2698
1214	2.1838
1680	3.3979
262	3.7049
749	3.9570
1527	2.5012
2474	2.4929
598	2.6622
263	2.0613
2646	2.8617
264	3.7410
3079	3.4922
3237	2.7877
3683	2.7900
750	1.7039
2137	2.0953
3143	2.2326
2647	2.0428
265	2.7900
2648	3.0534
2649	2.6236
266	3.6173
1215	2.2006
3589	2.4441
752	3.4451
1216	3.9570
1217	2.9239
3514	2.5586
3145	2.7492
3146	2.5893
2138	2.1451
3329	2.5941
1559	1.5223
2771	1.8938
267	1.3682
3606	2.1589
615	4.2541
616	2.9257
3147	2.4623
268	2.0478
1683	2.0613
2651	1.6279
2139	1.4552
1218	2.2192
3149	2.1093
269	1.8654
3140	2.0823
3222	3.0888
753	2.1451
2652	2.5252
1220	3.0013
3557	1.5281
754	2.3425
3404	1.9783
3151	1.0607
3595	2.3713
2653	2.1652
1221	1.9697
1222	2.7483
2140	2.0613
3405	3.1349
2654	2.9983
755	3.5076
2525	1.8654
270	2.3602
271	3.6484
2655	1.1054
2141	3.4424
3250	2.2769
1225	3.0761
1635	2.5185
1686	3.2638
272	3.5609
2656	3.7049
1162	3.3535
2657	2.4311
2142	4.1184
1226	1.5148
1688	2.7519
3596	3.4424
757	3.1266
3155	3.6189
3507	3.4424
3597	1.6318
1201	1.0314
3157	2.4725
1488	2.4929
2660	1.4787
274	3.4424
3158	1.7471
275	3.9570
2144	1.6533
1689	3.3979
1690	2.8656
2145	3.0843
1915	2.0411
760	2.9903
276	2.3547
3520	1.9368
2146	2.0454
2663	1.3134
2664	3.0534
762	2.7806
3523	2.7991
1692	1.4347
277	1.7511
2856	4.2228
3169	3.1685
3344	2.7806
2665	1.8654
3471	2.4466
2569	2.3045
3599	3.1068
2147	2.9397
1693	2.0613
2666	2.2422
3159	1.6387
3160	2.3995
764	3.5070
2149	1.0948
278	2.7188
3600	2.5914
765	3.2116
2150	2.1746
1696	1.7486
1228	2.9026
3214	3.4738
2827	2.0875
1697	4.2228
3602	1.5616
3162	1.9270
279	2.0613
692	2.4059
1634	2.0670
767	2.8937
1698	2.8932
2480	3.5785
1699	1.7397
1229	1.3050
698	1.6906
1230	3.0755
2916	2.8932
768	1.6558
3603	2.8678
2937	2.5288
2599	2.2375
121	2.5586
280	3.2631
769	1.8654
1097	2.0613
281	2.7844
282	1.6820
770	2.0569
771	1.9797
283	2.1451
3792	1.6820
1231	1.9270
3605	3.3273
3703	3.4424
284	1.6506
1232	2.0112
1233	2.0613
772	1.5159
2672	2.6202
1235	3.0118
2780	1.9270
285	2.4131
2673	2.6535
2674	2.7806
1236	2.5586
2155	3.2638
287	1.5416
773	2.9262
1238	1.5278
2675	1.6820
1239	2.2659
774	1.7639
1847	2.2924
775	2.6479
3610	4.2541
1700	2.5586
1240	3.2917
1241	2.0545
1242	2.7048
1672	2.1725
2245	1.8654
288	4.2716
289	2.9239
744	2.9724
2678	2.6267
713	2.0606
747	1.7736
2158	2.5370
3166	2.0613
3167	2.9306
1701	3.0118
3039	3.1955
3793	3.4330
777	3.8795
1702	2.7048
2159	3.4424
1244	3.2116
1703	1.6558
291	2.9021
2162	2.4311
778	1.4992
2120	1.5305
759	2.7806
1704	4.0398
1245	2.5185
2005	3.2638
763	3.1489
1246	3.0198
1247	3.1898
3609	2.7900
779	2.2288
2679	3.0198
2680	2.2792
2671	3.3993
1248	3.7049
1249	1.9270
2681	4.6062
1705	2.5089
780	3.0761
2163	1.8006
3578	2.3054
781	1.9270
2682	2.0473
2164	1.8556
3420	3.7129
2165	2.4799
2684	4.6771
3091	2.3186
782	2.7519
3171	2.3425
2686	2.1687
3172	3.0118
2847	2.1148
1250	1.9278
1836	3.3979
292	3.8486
2685	2.6342
1251	3.0991
3612	3.0413
1132	2.6729
2691	2.0380
2421	2.4311
783	3.7049
3174	1.4748
3566	2.8584
1707	2.0613
2167	3.8886
1252	3.9131
3173	2.5185
3617	2.1140
1708	1.8550
1167	2.7991
1710	1.8654
294	4.3186
784	4.2541
2688	2.0986
2169	1.7379
2689	2.3082
2170	1.6757
3618	2.0094
295	1.4600
785	2.5043
2690	3.0369
2171	3.7049
2172	1.5575
1706	2.2147
3620	2.6729
3608	2.6793
2173	2.3751
3177	3.4533
3621	2.4466
206	3.6007
3622	2.7991
3657	1.9212
376	2.3602
786	3.5863
1254	3.0783
1255	1.9270
3179	3.5306
787	3.8486
296	3.5588
2174	2.0111
2490	3.2908
3182	2.8304
1711	1.7039
3687	3.4252
831	2.5185
1712	1.5457
3183	3.5029
3614	2.6346
2733	2.5268
3184	2.9552
3254	1.9797
1713	2.4882
3625	2.3465
3626	3.0198
298	1.2578
1838	1.8643
2175	2.6145
3185	2.8992
2176	3.4451
2177	2.8932
299	3.0761
1327	1.9270
789	1.6892
3707	2.2304
3677	3.1555
3490	2.2466
301	2.1233
842	2.3751
3187	3.8662
790	2.9199
1256	1.9881
2178	2.4059
2179	1.9492
3189	3.0534
302	2.8861
303	1.3250
1715	4.6062
3628	3.4738
792	4.6062
3474	1.6820
3629	2.2522
3630	2.0986
2180	2.3602
1717	3.5226
3193	1.6633
793	2.7114
3194	3.7715
1718	2.9257
304	2.1434
1719	3.4252
2921	1.9410
305	2.1745
2181	2.3082
3624	1.8092
3633	2.0613
383	1.9335
2772	2.4601
958	1.9697
306	2.9591
144	3.0534
1720	2.6707
2182	2.7492
3196	2.7602
2183	2.5586
2184	2.5185
1721	2.9411
308	2.8678
794	1.9152
3197	1.9270
2013	3.4252
1258	3.1555
2186	2.4623
2453	1.3943
2187	2.8932
309	3.5953
795	3.7521
310	2.9257
880	2.6707
881	1.8654
2189	2.6603
884	3.5863
3638	3.2638
2687	2.2175
311	1.8234
2795	2.0613
2807	2.3940
889	2.5185
3639	2.1589
1259	3.4922
2798	1.9769
705	3.3880
797	1.4253
2696	2.2619
2190	2.0256
1725	2.6603
3746	2.9591
798	2.2147
1260	2.9021
1253	2.9591
799	3.2429
381	4.6771
2698	2.7048
312	3.6210
902	1.8952
2668	3.4252
3731	1.8654
2700	2.5009
2251	2.8552
313	3.3974
802	1.5617
803	2.3726
804	1.7690
805	3.4533
3544	2.4623
619	2.9591
314	3.7049
2702	2.7713
3740	2.5927
1262	3.7129
1263	2.3751
3057	2.1589
3642	1.9270
2192	3.4367
3200	1.8158
2703	2.2769
3014	2.3841
1265	2.7483
213	2.0111
791	1.5815
3201	1.3945
316	2.0111
2193	3.4424
3644	1.9697
808	3.3660
1266	2.6202
2704	2.3520
317	4.6771
2692	2.2659
809	3.9570
2706	3.0783
3202	2.2192
2195	2.1922
2565	2.2212
318	2.1482
319	3.6189
810	2.7910
1267	3.0991
1268	1.3422
2196	2.5365
2197	1.9270
2708	3.6189
3327	2.0569
1269	2.9591
101	2.5994
2709	2.4623
3647	2.7198
320	2.6398
1729	2.0613
811	3.0991
1270	1.8643
1730	2.9021
1271	4.0954
3649	3.8795
3780	1.7998
812	2.6229
3650	2.0613
3651	2.3082
1414	2.3425
813	3.1375
3206	1.9270
814	3.3979
3207	2.1140
2710	2.7042
2711	1.7885
1272	2.2710
815	1.9270
3208	3.0783
957	2.4934
1497	2.9236
321	2.8520
3653	2.7806
1732	2.7188
322	1.8654
3094	3.0118
817	1.7541
2253	2.3465
818	2.2792
2199	3.4922
3654	2.3336
323	3.8795
3655	2.5203
3791	1.5216
3211	4.1184
1273	1.9492
324	2.3482
2712	3.8886
3212	2.6936
3015	1.4162
971	1.9270
325	2.3661
3256	1.7736
2423	2.5023
2713	2.4529
1274	2.9591
3213	2.1913
2714	2.7806
2915	1.8654
1101	2.5185
2200	2.1093
1275	3.4451
819	3.1524
1276	1.9270
3075	4.1465
2716	2.5370
2342	2.7991
1102	2.4497
1681	2.8365
1734	3.4424
1868	2.3936
1277	2.9924
2717	3.4424
1278	3.4536
2201	2.0005
822	2.5586
2202	2.0411
2719	3.0479
360	1.5870
1280	2.0396
2203	2.9306
2720	3.0396
2168	1.8317
871	2.1035
823	2.3751
2205	3.5588
824	2.0116
3797	2.5187
3215	2.0761
1281	3.6189
1881	2.0613
3658	2.2769
3623	1.2214
2722	3.3090
2829	2.6202
3659	2.1931
826	3.1882
1283	3.4252
1737	3.0369
1284	2.7860
327	1.5549
2901	2.9924
1738	2.1923
1285	3.4922
827	2.4816
1003	3.9840
1287	2.9220
329	2.0630
1894	3.0396
2724	2.6202
330	3.0867
3217	3.4252
828	3.4023
1739	3.2908
1288	1.9515
3218	3.4186
331	2.7907
132	3.5863
3181	3.5892
3219	2.3852
829	1.8439
1290	3.7120
1961	1.8249
2726	2.0613
3661	3.4252
2208	2.3754
2727	3.5863
830	2.2480
3663	3.0116
49	2.2444
2533	3.4738
3458	1.8575
3063	3.0761
3288	1.7334
1742	2.1652
2729	3.0991
2730	1.9014
3426	2.3710
3271	2.5237
2209	2.0389
3366	3.0783
46	2.7582
2927	2.7038
2731	1.7403
3664	3.7049
2894	2.9591
3289	3.3474
1292	1.9427
1743	3.5863
623	4.6062
333	2.2394
1744	2.0897
2210	2.3643
832	2.7492
3068	3.0589
1745	2.2147
1031	1.6404
1175	2.7042
1293	4.1382
1571	3.9757
2942	2.3547
833	1.4588
334	1.8654
1940	3.0991
1748	4.1465
1051	2.5185
873	2.1531
2166	2.6936
2734	2.5203
3665	3.4424
2211	2.4529
736	3.0991
834	3.3361
2735	3.6189
2736	3.5863
3216	3.4424
335	3.0991
3667	2.3751
1749	3.3378
3225	2.3602
2669	2.3330
476	3.6189
1750	1.9416
2427	2.2348
962	3.0326
1104	1.9270
1493	2.4311
1968	3.4922
1065	1.9990
835	2.1496
2738	2.4774
2739	3.0391
50	2.3547
2212	1.9146
836	1.8654
1296	2.9968
837	2.3956
1752	2.7048
3347	2.0545
1753	2.9591
86	2.9391
3098	2.3418
3231	2.6267
2541	3.8886
3232	1.8747
3670	4.1465
3430	3.1656
1297	3.0991
3671	2.9021
2928	2.5481
1178	3.9570
2214	2.7806
3102	3.4451
1179	3.0939
838	3.7049
839	1.7729
337	1.8062
2215	2.3830
2742	1.4550
1756	2.6267
840	4.6771
106	1.9775
2743	3.4252
2216	1.9427
3233	2.9656
1299	1.7736
216	3.0761
338	3.2588
114	3.4252
1999	2.5779
2996	1.9270
1180	1.7159
1301	3.4424
3675	3.5953
1302	2.2282
339	1.1322
3676	3.5863
340	2.5288
341	3.7049
120	2.9021
3441	3.6189
342	3.4898
1757	2.3082
2748	2.9591
1758	2.5819
3678	2.4417
3335	3.1253
3679	2.9256
2893	2.0389
1759	2.7806
343	2.7806
3787	1.4992
2219	3.4424
1303	2.0969
2021	2.0613
2063	2.8584
3680	1.9775
1304	1.5951
2220	2.0613
2749	1.4550
2025	1.7425
2694	3.7715
1305	2.6795
344	2.2326
345	1.8654
2601	3.7049
2223	1.5601
2224	1.7018
2751	3.5992
3681	2.9257
1138	1.6579
1306	3.9570
346	1.3637
3682	3.2638
1029	2.2552
844	3.6189
3672	3.0761
1111	3.2986
845	1.3521
846	2.4466
2752	2.3869
3464	1.3943
1760	3.5953
2226	1.7729
3037	3.4424
1761	3.1955
1182	2.1652
3086	3.4922
1762	2.9991
3238	2.6729
3188	1.9249
2962	2.0613
2043	2.7806
1307	3.6189
1763	1.4635
1764	4.6771
1118	1.5463
349	3.0761
350	2.1789
1308	1.9141
3447	2.1859
351	2.6879
352	3.0845
847	3.7049
2230	2.8128
2056	2.6729
2753	2.6577
848	1.9775
1136	2.3683
2231	3.0118
2232	2.5185
3712	3.4172
2233	3.3660
3239	3.6189
849	3.1955
1142	3.0391
2097	2.5185
353	2.6729
1489	2.7806
2454	3.7049
850	2.5426
354	2.5128
1310	2.5182
1766	1.7492
2756	3.3927
3336	2.5536
1311	1.8000
2757	4.1184
2758	3.0118
2759	2.9924
2760	2.1121
3191	3.1955
2761	2.6729
853	2.3475
2762	3.0783
854	2.2951
356	1.9270
390	3.4424
1336	2.4311
2933	1.8164
357	2.8160
855	3.4322
358	3.2994
3689	2.4891
1312	3.4252
3631	2.3460
359	3.0783
1313	4.6199
361	1.3682
1832	2.8520
212	2.4944
2237	1.8000
1767	2.2747
555	2.9591
1511	3.0593
3096	1.7597
2238	2.2518
362	1.3682
1768	3.6189
363	2.0670
1314	2.0613
1315	3.2638
222	1.7875
1769	2.0613
3784	3.5863
1316	2.7188
3056	2.3036
1324	3.0396
2732	3.5953
53	2.7312
3244	4.2228
2765	1.5278
3694	1.9515
1193	1.6150
234	2.2659
3195	2.1406
2603	1.6558
3399	3.3498
1770	3.0118
364	1.9603
1771	2.9591
3245	3.1068
3161	1.6820
479	2.7806
1772	1.8092
2110	3.5863
365	2.9239
856	2.5252
2791	3.4451
2767	2.7808
2113	2.5185
2768	2.0613
2240	2.9701
247	2.3082
2241	2.0613
366	1.9990
3246	2.9924
2242	3.5863
367	4.2716
3247	2.1471
2754	1.6820
2243	3.8795
1318	2.6446
2769	2.2147
858	1.8938
1774	3.0781
1282	2.0613
885	4.2698
1319	4.1175
2133	2.7419
3248	2.8932
2770	2.0875
1320	2.2341
1775	2.2147
1321	1.5679
861	2.0428
3249	2.6714
368	2.3751
3634	2.7602
3697	3.0534
369	1.9492
3698	1.8562
1776	4.6062
1843	2.3547
862	2.3830
370	2.3751
2774	1.8933
863	2.8555
3252	2.5532
2775	2.5586
3416	4.1382
3700	2.2769
2432	2.8932
2776	2.5283
371	2.9257
3274	3.5953
864	2.1197
571	2.5185
625	2.1531
3702	3.5076
2792	4.2541
1040	2.0389
1185	2.2659
3704	2.3751
3421	2.3289
1778	1.1835
2969	3.1955
1779	2.9341
1323	3.3682
3253	1.9270
2777	2.2920
2778	1.6558
373	3.5609
1325	3.0127
866	2.6359
1687	3.0683
2247	3.6189
293	3.9570
374	2.2664
1780	4.4948
375	3.4424
1326	2.2326
3635	3.7328
2400	3.4922
3705	3.3423
297	2.5586
1781	1.9501
867	2.0613
1328	2.9656
868	2.0877
1782	3.1555
1487	3.3979
377	1.8470
378	2.8853
379	2.9698
380	3.1163
307	3.9840
2185	3.8886
2249	3.2297
3255	3.0534
869	3.9131
1329	2.8932
2864	2.0789
2250	3.8392
1783	2.6359
1330	3.1955
382	3.2116
2781	3.1955
2782	4.6062
3204	2.2083
3205	2.7920
3027	2.3291
1331	2.9678
3708	2.1860
3709	3.1837
2198	2.5185
3210	2.2659
870	1.7486
2783	2.7806
2254	3.0783
1784	2.7048
2785	3.4533
2255	3.4252
1333	3.5863
3710	1.5278
2046	3.7049
3711	2.9808
3258	2.4248
3549	2.8678
2256	3.0353
2257	2.4313
1334	2.1939
385	2.1451
2258	2.7188
874	2.9203
1785	2.2700
1786	1.9027
875	2.6187
2786	3.2302
1298	3.5306
877	2.6202
878	4.6771
879	1.8654
2188	3.0761
3261	2.1451
1787	3.7049
1335	2.5089
1788	3.0783
2259	2.7808
2721	2.8061
2788	1.9515
1789	2.2079
387	1.4162
2350	3.0992
388	2.7806
2260	4.3186
389	2.6134
3262	1.8654
2789	2.5252
2235	2.9591
882	2.1589
2261	3.2116
1790	1.3943
883	2.8413
1337	3.0991
2098	1.8092
3713	1.9449
534	2.1525
3260	3.5863
3263	2.3837
2262	2.4339
2919	2.8711
3551	3.0783
2239	2.4621
1338	3.4922
3264	3.5785
1791	2.6368
886	4.6062
3265	2.9591
2699	2.1531
2244	2.6707
2246	3.5297
1400	1.4572
2793	2.3763
2794	2.9306
3266	3.0198
3267	3.4922
3715	2.0569
384	3.6186
392	3.6238
386	2.4466
1792	1.6393
888	2.6343
3716	3.7455
1339	2.3683
393	2.1652
3030	2.7042
1794	2.2536
3552	2.8383
890	3.5609
563	2.2735
796	2.5185
3529	1.7885
3270	2.9591
2519	2.7806
1340	2.0917
394	3.7129
891	1.9270
2633	2.9724
1797	1.9257
1348	4.1465
396	1.8654
1649	2.5769
2799	3.1375
3031	2.7500
1041	2.7179
3278	3.4252
3553	1.7701
397	1.2496
1796	2.5707
2263	2.9021
2264	3.4832
3272	1.6898
3718	1.9270
1342	2.4059
872	2.8932
893	3.5588
3273	1.9990
398	2.7042
399	1.9270
894	1.8654
2941	3.0752
3720	2.9763
1343	2.8049
1072	2.4877
895	1.5815
2285	2.9591
1800	1.9270
1364	2.1496
2611	3.7433
1801	1.9270
1345	3.2116
1802	2.7900
2266	4.6771
2268	2.4131
1803	3.4533
400	3.0479
3303	2.9021
721	1.5815
401	1.9270
1804	1.8953
896	3.5953
3107	1.9733
402	1.8654
1509	2.7886
1347	1.8654
2269	1.9270
1341	2.0116
3275	3.7521
892	3.7049
403	3.1242
1349	2.9257
2270	2.0613
1430	3.1555
1805	1.9270
899	3.5297
1806	2.0886
2191	2.7808
3346	3.1543
2908	2.5185
3230	2.9591
900	1.9019
404	2.8711
2271	1.5505
2845	1.9270
405	2.3475
3640	2.7806
406	2.0969
3728	2.4736
407	1.8092
2803	3.2116
2272	1.8234
3326	1.2852
3729	2.3830
3279	2.3602
800	2.5586
3280	3.7521
1716	2.6069
3192	4.4948
408	3.0956
903	2.8584
3281	3.2192
3730	2.8530
2816	1.9515
3178	3.2908
801	3.8886
3632	3.7049
1350	2.4882
729	2.4877
1808	2.2006
1417	3.9840
3732	3.5297
904	3.0396
409	2.9257
2804	2.2522
3733	3.3562
2805	1.3185
905	1.4384
3805	1.6373
483	4.1184
3282	2.7900
906	3.2413
3719	2.5023
486	2.8932
1352	3.6189
956	2.8932
907	2.8853
2274	1.8803
3446	3.0189
410	2.5586
908	2.7806
2701	2.4685
411	2.5412
3735	2.7991
2324	2.4059
412	3.4424
1353	2.3547
2808	2.5185
395	1.9270
2676	2.1440
1354	2.3482
1444	1.8690
3284	3.7049
3049	3.7049
2275	2.4615
3491	1.1630
3806	2.3754
1446	2.3751
1448	2.7602
3285	3.2711
3738	2.5023
1809	3.2183
909	3.2021
1355	3.2499
3111	2.0569
910	2.5185
2277	2.9591
505	3.0534
1654	2.0613
3739	3.0479
2279	2.6202
1374	1.6936
3593	2.3751
415	2.0875
911	3.5953
3287	1.9270
1810	3.4838
913	2.0875
2381	1.9270
3615	2.6265
2812	2.3482
1811	2.1923
1468	3.1555
914	2.3036
3741	3.1242
416	2.7321
1358	1.9270
1755	3.5507
2029	1.9278
3386	2.1652
806	2.6912
1359	3.0761
2814	2.7519
2801	2.9591
3290	4.1465
3291	2.7397
3743	2.5586
3744	2.1456
417	3.4533
3292	1.4600
418	3.5953
2281	2.1251
11	2.6202
2399	1.3899
1812	3.0013
1855	4.1184
2815	3.4451
3220	2.4059
1813	3.5297
2282	3.4424
1799	3.5863
1360	2.0875
1814	2.4155
1361	2.5575
315	2.4059
2819	2.5370
421	2.0875
3295	3.0534
422	2.5653
1815	2.2000
2283	1.9775
2284	2.5481
917	1.8654
424	3.4451
245	2.7806
1492	2.7806
3409	1.8605
1036	3.4738
2287	3.8886
2288	3.0479
2289	2.4799
3296	3.0198
1496	2.9257
3747	2.6359
3748	2.9924
3413	3.1955
2291	1.9672
2030	2.4466
2293	2.4569
232	1.9990
1746	1.6831
426	2.1130
3749	1.8439
1593	3.0761
2822	2.1572
1513	2.1451
557	3.1296
918	2.5185
919	3.5297
3616	2.5586
3751	2.9591
3811	2.0094
427	2.8527
2294	2.0670
1367	2.5914
3297	2.8353
428	2.7806
921	2.9164
3298	2.9591
2824	1.8654
2295	3.5785
429	2.1591
1520	1.8654
1368	3.0783
3299	3.6189
2296	1.8249
2297	3.2638
1521	2.5185
3433	3.0479
922	2.5252
2817	2.9591
1370	3.0777
430	3.4424
2298	2.7806
3753	2.2518
1818	1.8902
1579	2.7390
1819	2.7966
3754	3.5609
2299	2.7808
431	1.9270
2300	1.2583
3695	2.2953
1535	2.7900
2828	3.0589
1941	3.8886
432	1.9270
923	2.6134
1371	1.5374
2301	2.0613
3645	3.4094
1372	3.0991
3132	2.5203
1373	4.1465
3759	1.8997
435	2.5586
2302	2.6143
924	2.2709
1821	3.5297
3760	2.2659
2303	2.5586
1822	2.3936
3761	3.6189
1723	2.5586
925	3.0845
592	2.7892
2830	1.9475
2470	2.9331
572	2.7321
1823	2.3231
437	1.6820
2705	3.7120
1375	2.0613
438	2.6314
1376	3.1242
926	2.7008
977	1.8654
3646	2.5185
2831	3.6189
2832	2.3547
2305	2.6024
2526	3.2994
1050	2.0613
440	1.7873
927	1.6861
3304	2.5185
2833	1.5756
3396	2.6202
1377	2.9021
3306	2.5653
1378	2.8656
1379	3.4451
2948	3.2908
1381	2.3751
3315	2.3257
983	3.4824
2306	3.3660
1824	1.4520
441	2.0823
3764	2.9892
1382	3.7049
2707	1.5783
3401	2.5185
928	1.8486
2500	2.6424
1563	2.7806
3765	1.6820
1658	3.4740
2834	3.0468
2307	2.0613
3307	1.9167
2835	1.6971
2505	4.1465
3722	3.6189
3308	3.1730
568	2.5586
2949	2.8043
3767	2.6202
1383	4.2228
1384	3.0783
2308	1.7391
2683	2.6202
2309	3.1665
929	2.0670
442	3.3466
2837	2.9257
930	2.2147
2310	2.6202
3221	1.8439
2518	2.9591
628	1.5799
3309	1.7039
931	2.5653
443	3.4252
2442	3.9570
444	3.0777
3769	1.9775
1386	1.6602
445	2.2147
1039	1.9270
2312	3.4922
1387	3.2622
639	2.0726
3305	2.9262
3503	3.7715
1826	2.3751
3041	1.3349
1584	2.5586
2838	3.2183
1388	4.6771
3310	2.3475
2839	1.8790
1827	2.8358
2840	2.4313
2841	3.1937
2715	2.5009
1828	2.6700
2313	2.5187
898	2.6202
447	3.0783
932	4.2541
3311	1.9588
237	2.3661
2034	2.7806
1960	1.8092
3312	2.5185
1390	3.1863
933	2.1093
1391	2.3266
2156	2.4877
2842	2.9591
1946	2.9315
2314	3.8330
3773	2.1598
2557	1.9270
3313	2.0592
449	1.8271
1392	2.0005
1604	2.8313
2035	2.8145
3339	1.9201
2315	3.0479
3314	2.5506
1394	1.5223
451	2.3830
3276	2.6202
3317	3.7810
1728	2.7824
3525	2.7321
2316	3.4533
3774	1.9270
3318	2.0613
450	1.9775
2317	1.5906
3319	3.1863
452	2.4877
2318	2.8584
937	1.8092
2319	1.8006
2320	2.2698
938	2.4929
2321	3.0357
453	1.8382
1396	4.6062
2844	1.9141
979	3.5953
454	2.7885
1397	3.5863
1398	3.7049
455	3.7328
939	3.4252
2323	2.6697
3320	2.1652
3321	3.0589
1399	2.3661
155	4.1465
569	2.5089
456	2.6134
3594	2.8766
940	3.3747
693	2.9591
941	2.8932
457	2.0371
2846	1.9515
3776	3.0322
942	2.3870
943	1.7736
1401	1.8654
273	2.2375
3277	2.0613
2848	3.1102
458	3.7328
709	2.1621
945	2.3029
946	3.2638
1402	2.0969
459	1.3813
643	1.7379
715	3.7049
460	3.7049
3478	1.8938
644	3.5863
717	1.8654
493	1.8654
2326	2.7806
3323	2.4938
461	1.8654
462	1.8654
1830	2.8626
2292	2.5288
1831	2.8584
2437	2.2882
645	3.2119
3559	2.0569
947	1.8654
2634	2.0569
3781	2.5288
2852	3.7049
3783	2.6202
2622	2.4528
3044	2.4816
948	4.6062
949	2.4929
1045	2.5395
3504	2.9591
2327	3.5109
1833	2.6729
1405	3.8100
3019	1.8737
950	3.0534
3016	3.0118
3325	2.8584
951	2.1197
2853	2.3846
2854	1.2727
2328	1.9897
3338	2.5185
3785	2.5962
690	2.0606
2329	3.4738
2330	3.0333
2331	2.6729
952	4.6771
745	3.2527
2855	2.7968
748	2.6729
3556	3.4252
953	3.0118
2038	3.0534
2332	3.2908
1731	2.4623
3328	2.3830
3786	1.8654
3590	2.6450
1117	3.7328
954	2.6479
3789	3.2499
3790	2.2147
2333	2.5367
955	2.0670
758	2.8700
3434	1.3912
467	3.2824
761	2.6202
1406	2.7730
1747	2.0613
1407	3.1863
3330	2.4059
3757	3.4252
3758	2.2014
2334	1.6200
982	1.6492
2953	1.8654
3331	2.7806
3607	1.5861
746	2.9701
1525	2.3830
2857	3.3979
3449	2.7657
1408	2.6398
3543	3.4424
1617	2.6714
2858	2.8114
3686	2.7042
3035	2.7806
1835	3.9570
2859	3.7715
3636	3.0118
3524	2.4314
2335	3.1863
504	3.0322
1837	2.4929
1709	2.9356
1261	3.0534
1516	3.4922
581	2.0978
3101	2.0613
2614	4.6771
788	2.0613
469	4.1382
1409	4.6771
2693	2.5185
1410	3.0991
470	2.5185
1839	2.3830
471	2.9094
3052	3.4424
2338	3.4252
2745	1.9492
21	2.2019
1411	3.1898
1412	3.5515
816	4.6771
3637	2.9591
1724	3.1955
2860	1.4559
3450	1.8654
1546	3.0761
959	3.5297
722	2.3754
1661	2.0613
2340	3.0396
1413	3.7049
2341	3.5107
3795	1.0264
3408	1.9270
3007	2.6202
1840	3.5892
1286	2.6267
648	1.5017
2446	2.8790
3332	3.2638
1841	3.0991
472	1.7486
3354	2.3852
3796	3.7049
2322	3.7049
2343	3.3979
1203	2.7806
3798	2.3751
1415	2.2006
1227	2.2747
1842	3.5863
999	2.8487
961	2.4335
474	3.4424
2889	3.0783
3333	3.0534
2344	2.5395
475	2.3751
1418	3.5515
1419	3.1080
1844	2.5647
2861	2.5575
2273	2.9480
420	1.9990
477	2.3245
2501	3.3979
3034	1.8111
963	2.9814
3257	3.4922
1420	3.3198
843	2.5181
3357	3.2600
2862	3.2638
3800	3.0614
1663	3.1253
478	2.0256
1421	1.9270
3337	2.5252
920	2.6202
3801	1.6891
1422	3.5297
2345	2.0875
964	1.3331
965	2.9279
966	3.0761
3810	2.8061
2417	3.4252
1846	2.7806
2764	2.4466
1137	1.4820
1423	2.7048
967	2.6493
2346	2.7900
2218	2.6202
2363	2.7806
2863	2.4967
1424	3.4738
3802	2.6202
1425	2.5268
2348	2.9306
2955	2.5870
3613	1.9775
1848	2.0005
3737	1.9270
2784	2.0168
968	2.0569
3656	1.8816
2349	1.9576
3803	3.1955
1426	2.9591
1849	2.3936
3772	3.0384
2865	2.8656
2600	2.7808
1589	1.8775
876	2.2090
481	2.0613
1850	2.4237
482	1.8654
1851	3.7049
2351	2.0111
2866	3.0198
2873	2.8049
2867	2.0969
3717	3.0783
1428	2.3699
2868	1.7627
1429	1.4787
485	2.7991
3706	2.7806
897	3.5953
688	3.4424
1532	3.0479
2352	2.4877
2869	3.0589
901	1.4614
3660	2.5506
3036	2.0670
218	1.2325
1431	3.6963
973	3.0683
1852	3.0534
1590	3.3587
3156	1.9769
3807	2.5185
731	3.4252
487	2.7806
2871	2.5185
3742	3.6189
2353	2.0256
1853	3.4451
1854	2.3751
974	2.2353
1432	2.3863
488	3.4644
3809	1.8092
3343	2.3751
1433	3.4424
1816	3.7521
2354	2.7806
975	2.3336
976	2.4059
2433	3.0198
1857	3.4451
2872	3.0336
3812	3.0118
2355	2.5181
1858	1.3735
489	2.2006
1859	3.6189
978	3.3778
1470	3.0293
3345	1.5441
3377	3.3222
1860	2.6726
1733	3.6663
490	2.1434
1435	3.4922
1436	1.6335
3692	2.1406
491	3.0118
492	2.3643
3348	3.0991
1834	2.0588
3349	4.6771
3775	2.5586
2448	3.1955
3350	2.3547
2357	1.9270
2849	2.1745
2358	2.0546
980	3.4252
3351	1.9156
1861	3.4424
1957	2.3745
1862	3.0783
3062	2.4662
1437	1.6616
2359	2.2061
1438	3.0118
3122	3.2638
2360	3.2199
981	2.5185
1864	3.4252
1665	2.3519
494	2.0389
3353	3.5953
2361	1.7959
3363	3.4731
820	2.5370
984	2.9078
413	3.1955
130	2.9552
2362	3.4424
960	1.8997
985	1.8645
3355	2.4059
986	3.0198
1865	2.8191
495	4.6062
3356	2.3751
3814	2.9166
1845	2.9306
2194	2.2659
496	2.3863
1439	3.1063
1440	2.6134
3815	1.5281
1866	1.9270
1441	2.4128
2538	1.9300
1442	1.9213
1443	3.0761
2364	3.4252
3369	2.5185
988	2.5444
1867	4.6771
3813	2.4198
3816	2.2210
2677	2.6202
3383	3.6189
3358	3.0396
498	3.0689
499	2.7048
3591	2.9591
